-3
-22
-12
-2
-7
11
7
0
5
-4
1
-13
-22
-18
-8
-11
0
-5
-6
1
-6
9
-16
-8
2
6
12
-3
2
-19
-24
-11
-15
0
-6
-4
-15
-19
-13
-16
-8
-15
10
-30
3
1
-7
7
-3
-11
10
1
4
-10
-7
-22
-14
-20
-15
-11
1
6
6
1
1
2
-12
7
-10
5
-10
-4
-3
-10
-10
-5
-5
-4
-3
3
6
-1
18
-10
-21
-7
-8
-14
6
-7
-13
8
-8
-18
1
-27
4
-5
-26
14
-11
-8
2
-5
14
-21
-2
-17
-28
-10
-18
-23
-2
-8
6
-18
-4
2
-5
12
-39
-1
-35
-9
-24
-7
-1
-7
-4
-22
-7
-24
-12
-30
-20
-22
10
-16
3
-16
-10
-2
-14
-15
-13
-9
-17
-8
-2
-17
-20
-4
-17
-7
2
-10
4
-4
12
-2
-9
-12
-17
-3
17
-12
-5
-22
-19
-6
-11
-7
-19
4
-7
-9
-13
-15
-8
-16
-24
-4
11
-16
-7
3
3
-10
-17
1
0
-13
-26
0
0
-21
-42
-2
-11
-17
-10
3
10
-23
-23
16
8
-15
-1
3
1
-24
-40
40
107
-110
-82
83
-229
-615
720
-965
349
981
44
1071
48
1125
703
815
872
-1433
-640
-559
691
695
1376
-811
-1114
-785
-1275
-76
-1201
-134
-831
-569
1308
-498
470
428
-415
-664
738
-1184
465
1029
127
1242
139
1246
798
880
788
-1438
-662
-561
724
597
1294
-883
-1145
-683
-1214
54
-1205
-22
-801
-488
1298
-614
458
400
-445
-617
603
-1146
508
920
205
1150
211
1151
834
758
717
-1520
-688
-483
774
580
1288
-1003
-1183
-604
-1249
97
-1176
24
-796
-478
1349
-724
476
408
-525
-631
592
-1259
600
976
263
1206
267
1202
891
767
643
-1588
-747
-465
817
561
1247
-1013
-1188
-576
-1215
149
-1207
98
-828
-442
1327
-765
513
414
-549
-645
570
-1306
618
957
317
1205
308
1259
925
739
640
-1628
-731
-501
827
563
1267
-1048
-1209
-610
-1240
128
-1230
57
-867
-449
1366
-748
521
400
-521
-641
591
-1306
618
978
285
1241
308
1224
938
719
636
-1631
-747
-485
830
546
1251
-1096
-1269
-566
-1259
185
-1207
89
-883
-457
1347
-796
523
405
-571
-630
568
-1330
635
946
319
1238
320
1248
949
740
656
-1649
-747
-483
855
557
1273
-1052
-1270
-575
-1272
145
-1254
91
-861
-462
1373
-772
531
421
-550
-648
608
-1333
645
943
312
1225
326
1243
974
728
620
-1668
-764
-476
857
555
1274
-1092
-1266
-576
-1285
165
-1237
84
-853
-449
1349
-794
549
389
-570
-615
558
-1358
639
958
332
1238
354
1266
980
710
584
-1666
-785
-468
843
528
1236
-1137
-1278
-522
-1259
204
-1235
155
-894
-425
1316
-840
540
372
-580
-581
503
-1368
684
951
394
1196
418
1256
1003
664
498
-1678
-793
-458
878
504
1186
-1189
-1280
-483
-1257
229
-1211
252
-928
-454
1322
-737
583
-145
384
-873
1519
668
1370
-565
928
-1288
-182
790
-553
-347
-221
-1839
-1306
-605
-1220
-142
649
-958
459
-230
903
1035
1145
-916
-1
-1648
981
-85
356
241
-445
1437
1675
108
982
-555
-470
900
-447
-1035
-1324
-692
-475
702
525
770
-679
640
-1074
-1211
-846
36
-150
699
1258
220
153
892
-1555
111
-193
1302
1311
597
1621
-887
296
880
-684
630
958
352
837
-819
500
-1675
1030
297
168
721
1015
31
793
-1554
70
-1057
997
613
-1050
-7
-880
1004
1405
791
-166
278
-756
254
-747
-1435
-1213
145
104
1388
-358
-129
-716
-625
1273
-926
765
-1363
-690
-1770
573
-386
465
552
-1344
-723
-1200
489
-670
1275
-720
-1072
353
-1238
1553
547
1301
-723
726
-1423
-37
759
-607
-226
-441
-1824
-1366
-435
-1187
14
563
-1011
461
-302
1038
914
1033
-1044
-179
-1647
988
-218
362
208
-257
1435
1672
-130
907
-658
-368
994
-561
-973
-1373
-547
-358
739
608
697
-632
651
-1225
-1078
-848
146
-97
722
1272
52
217
877
-1543
232
-50
1347
1379
484
1526
-1029
397
859
-645
700
953
259
791
-899
386
-1696
1040
241
223
730
1067
-10
721
-1603
22
-1052
1046
596
-1031
43
-836
1048
1466
790
-158
274
-752
282
-810
-1393
-1228
186
108
1404
-357
-139
-744
-625
1243
-959
703
-1364
-739
-1772
586
-415
490
538
-1380
-657
-1176
530
-593
1308
-786
-1013
303
-1238
1563
450
1266
-823
610
-1483
22
759
-648
-211
-543
-1776
-1394
-329
-1189
105
509
-1052
421
-316
1062
821
991
-1118
-317
-1661
961
-238
390
131
-186
1471
1673
-243
876
-687
-305
1004
-630
-931
-1444
-455
-319
778
668
646
-575
729
-1293
-1043
-855
216
-35
701
1296
44
283
784
-1517
483
-96
938
276
805
-1400
2013
-936
950
1421
-657
302
124
-744
857
-283
-664
155
355
610
1293
-438
-1479
-158
-2127
-632
-2421
-1109
-946
806
1131
465
41
379
1055
908
692
18
281
603
1021
-233
-1848
-1668
-1778
-1483
-1281
-522
-967
1032
1244
353
-19
-74
-792
1364
-125
-73
204
-960
574
1811
-571
2590
-36
459
66
352
177
654
629
486
-1407
769
-889
298
751
1300
-37
550
-823
-1901
-599
-17
214
597
-350
-440
-481
640
167
-616
-381
-1388
-168
654
-82
575
-714
-811
188
-112
263
721
-1519
32
-684
-66
497
-31
-737
-404
317
379
-310
454
-2008
-914
307
-216
1079
706
491
-1150
90
-1017
-271
598
873
219
172
86
573
-1067
2283
-795
1055
1332
-842
276
77
-601
985
-361
-611
193
294
749
1249
-643
-1470
-452
-2045
-940
-2337
-1263
-724
957
967
493
86
346
648
268
273
187
-412
-344
-147
-503
449
661
-2218
981
-1442
-527
732
-1241
632
308
716
1487
-839
1081
-1420
-1072
-1048
-179
-61
316
-134
-2856
-1030
-1431
543
1113
-1578
-150
-3036
-177
466
44
-480
-575
-1213
-1530
727
-726
1077
987
146
1194
-1279
734
-291
-1882
439
-1870
-216
933
-397
17
-539
-107
90
255
-144
473
313
2096
492
1459
-453
998
685
366
234
-849
-1058
596
-426
-99
88
-1022
329
696
-129
-174
348
-934
721
296
545
-475
1194
-390
-205
295
-992
-940
-53
339
-599
1474
-250
612
110
1131
-916
416
-135
-107
278
743
-1141
110
-45
-510
198
-544
-1232
483
474
615
1090
-480
1241
385
1945
502
190
25
52
239
-322
-370
-100
-408
491
363
-2283
850
-1615
-494
770
-1143
789
350
690
1380
-1016
891
-1511
-1156
-915
-216
2
327
-203
-3001
-700
-1306
537
1712
-913
1627
-2253
144
-1257
-293
-947
972
-815
-672
309
-500
891
1122
264
-1167
-1584
-332
-803
1010
983
-2013
104
-1293
-984
1091
-1014
640
-736
-5
-302
-250
-68
-676
545
-903
796
-673
-1781
457
-1872
874
1079
-845
-764
-1253
-1241
455
1042
1123
-896
330
-635
-882
773
-741
-459
-1131
182
-2036
1543
-677
1321
212
-70
783
-607
1016
-494
760
-523
871
-495
-296
-852
702
-124
854
-444
-570
-1068
1007
-231
556
-155
1059
763
1808
-134
-1330
-1038
-982
1025
532
809
1065
118
855
-1366
-976
-1115
404
1870
1065
668
56
401
-106
712
-847
-668
-86
908
-4
373
-668
-356
-227
895
-261
700
-184
873
-330
471
256
-185
1361
-1245
1282
-2442
-23
-1257
-380
-931
857
-933
-578
373
-403
969
1172
41
-1402
-1400
-444
-759
1093
850
-1991
311
-1448
-791
987
-1182
546
-734
69
-530
186
-1157
1148
-1793
98
-165
-999
777
726
-2064
417
-454
153
706
582
-637
661
836
526
-314
-1201
-1411
-867
1200
1840
1026
1939
-1026
-558
-409
-1516
-291
-270
-1564
-291
-295
-270
1997
1656
1123
848
-1521
-1613
-1017
194
525
1025
379
-392
453
964
-169
-455
466
-1626
664
961
-1302
-216
198
-1411
1338
-1009
237
-912
402
738
-36
-411
-121
-833
-695
487
-894
-549
-605
-767
-1427
-902
-133
-1102
122
-166
-364
972
652
1053
875
-2
2028
156
1118
-231
-342
-359
118
178
-630
-154
-336
1544
-542
2070
-797
1160
550
919
415
-393
-524
-41
-1374
-479
-828
-1530
-509
-504
-348
-727
555
-605
-881
-13
-353
224
371
279
-1368
-5
-1278
1010
-1821
42
-144
-903
856
504
-2137
388
-484
199
687
577
-730
721
731
496
-400
-1392
-1275
-738
1289
1921
868
1829
-1216
-620
-305
-1313
-78
-183
-753
-5
-502
1105
-1421
320
-1931
-1562
-1017
-551
-389
-1787
-206
-951
773
2858
63
22
-316
-1837
1611
-416
962
157
134
46
-370
-1107
-1556
827
222
389
350
-1797
-573
-26
70
341
-279
800
-1226
596
-2522
-141
313
1366
2182
168
-1769
-983
-1596
-643
-371
-1497
-889
-1374
1329
-555
1370
-237
-76
-613
-50
126
23
307
-305
-880
-904
-407
-773
74
-709
1212
115
1064
1043
-504
-400
581
-967
-140
-22
-778
300
586
61
-120
-731
829
-606
1929
816
562
564
1105
-94
1743
1070
-148
626
-443
-20
482
169
-17
-1165
35
-125
-524
748
-187
-575
1667
250
628
689
-639
149
-864
-156
-996
-454
129
285
145
-178
-266
-730
-114
-494
919
-1575
50
-2013
-1710
-804
-617
-316
-1772
39
-821
869
2812
-313
-66
-327
-1618
1833
-337
989
210
128
-29
-386
-1183
-1397
635
-34
1939
-864
1343
-982
690
197
486
-173
484
-364
-431
-806
-1485
-657
-487
477
43
229
101
-734
299
-733
90
-285
-1033
5
-1435
155
260
92
584
-197
321
347
179
-232
-854
-1468
-568
-819
-32
227
-272
577
-306
223
342
-465
-65
-897
-1479
-744
-580
115
244
369
427
190
795
271
446
1453
622
1664
55
-592
-207
247
320
3039
96
1364
-583
-1448
-1025
-504
740
391
728
-1355
610
-723
834
127
-2432
-1161
-1672
406
-273
518
-463
-689
1600
871
-779
-85
-203
-704
1716
331
-907
-270
225
-807
-1213
-1521
-2286
-800
1036
531
-20
733
-150
1145
800
-171
-1174
-525
-1196
301
1245
-1439
2187
-2238
-260
-395
-151
143
1776
-1228
1275
-1029
771
126
414
-177
426
-411
-478
-744
-1522
-561
-429
585
75
226
47
-709
229
-759
71
-290
-1031
121
-1413
276
271
89
590
-428
-42
-1080
-276
-481
-37
1005
563
1336
71
-202
-365
-702
659
-342
362
287
-759
237
467
-71
2108
946
780
1178
-1450
1087
-642
861
398
684
-232
238
93
-690
662
-696
-261
-1499
-573
-1938
1485
-755
2224
78
159
-101
-390
-925
611
-143
280
422
-606
25
195
-131
1282
-1143
391
-995
-541
128
-629
838
-663
187
-721
-759
-598
259
-167
-187
-261
-10
-231
1667
36
1630
100
149
438
-1721
-25
-245
104
-362
-121
-1127
-1289
630
-1229
-1729
-1324
563
314
2723
1447
-2900
-1309
-1032
-1921
742
-615
-1266
-554
951
100
57
-61
224
-307
1353
368
-612
739
-1814
407
-1770
-342
-175
-260
-215
-473
-665
-961
115
-418
-851
-131
-1176
-340
-418
64
1000
730
1285
73
-216
-432
-614
628
-429
409
312
-697
361
474
-143
2225
693
880
1103
-1338
1219
-559
923
453
669
-129
173
180
-1187
-1339
-662
-1736
-491
1189
-579
1452
-797
1418
-729
775
-93
-491
-688
349
-1170
-868
-760
-1439
841
-295
1527
-221
-39
300
-924
607
-801
921
-326
718
481
320
703
-43
578
-124
-548
206
-1803
-1169
-1272
-864
452
-29
1024
-493
90
1034
134
1183
884
1208
921
658
634
-1992
-414
-1196
166
31
1127
-29
-414
-618
-314
-1468
180
-441
-289
-212
925
-626
-592
-1204
-1523
-619
258
603
-348
-208
1474
612
2201
631
-1630
-259
38
353
1707
81
-1150
1221
-980
797
1120
-203
521
891
-1957
-317
-143
250
1265
1136
-2493
100
-1556
349
359
-657
-514
-1550
1076
-546
-71
115
-1120
-694
-14
-1346
-784
-607
48
-149
-6
203
-1302
-1422
-519
-1782
-352
1173
-686
1410
-995
1305
-843
766
-144
-540
-636
220
-1216
-964
-645
-1309
961
-128
1510
-214
-49
196
-899
561
-876
595
-548
-1148
-476
-1000
1138
493
-290
916
-497
509
297
601
-1493
1164
-86
196
102
-146
-1026
-222
-2088
-920
-886
521
1202
1184
-1407
-469
-1490
-43
361
671
-200
617
-63
-64
-530
-386
1322
1242
963
529
-1427
-1042
852
-161
1802
-101
602
498
-528
1171
92
419
1131
637
-671
808
328
204
-72
-917
-1425
-1418
462
538
-915
662
-711
-1716
693
-1963
-1631
-1307
-956
18
656
2070
-380
1500
-426
90
53
-425
-947
-901
-419
-731
1114
-1233
-12
-1105
-526
218
104
-480
-126
-436
-176
83
-246
-1278
454
-1258
-230
-767
-1178
-837
486
-254
641
316
-451
1692
27
1888
-128
-302
-891
-1366
1110
-1871
1373
-1405
-939
881
672
361
532
-1501
-558
-741
1310
404
-484
844
-570
478
190
444
-1475
1127
-277
255
109
-269
-1060
-431
-1986
-1021
-844
714
1189
978
-1633
-612
-1349
-5
218
526
-196
-562
-2179
0
-858
175
1031
-446
-217
462
987
606
-477
736
-1126
-357
1001
-1579
1748
-680
446
515
480
1988
408
1511
-955
-68
380
247
1160
-204
-54
-211
-294
-47
-1530
-8
-514
1778
210
1571
-1347
-27
-815
-1118
-575
-1987
-1553
-315
-930
946
860
554
-230
74
-1237
-565
14
88
-1129
216
832
-137
2056
-185
-1606
-305
154
811
1453
713
-513
-313
-249
249
465
164
1348
-293
-843
-1117
-1341
-1947
1550
-1348
486
-1171
-402
-533
31
391
-491
135
-16
792
3
576
-601
61
-215
397
155
-698
-43
-1094
598
-1581
-294
-2226
-823
-452
1651
-57
346
-260
-1652
-107
-635
-251
93
791
-154
38
-1927
-445
46
125
1239
-822
-2354
15
-775
230
881
-414
-123
493
869
570
-498
583
-1231
-258
1093
-1407
1880
-589
570
567
357
2060
254
1376
-1217
28
444
356
1051
-24
34
256
-1107
-228
122
763
1988
578
-202
510
-464
56
-139
-1102
279
222
1528
85
-63
-232
-753
-196
1245
-401
582
-14
-633
793
-1221
795
-1456
-1187
-232
-679
603
1628
519
1118
283
34
226
-880
-676
-694
-1103
83
626
-73
-414
-819
-1505
-1071
239
265
-269
656
-170
246
-666
-521
-2298
-362
34
963
519
-1571
-505
-1550
988
942
988
-1094
-688
-1123
-1975
-609
-516
-1181
-67
49
-1469
-302
724
-474
1040
-1145
-495
-1495
-270
644
-893
1335
164
1099
930
1831
-511
1375
-1263
1
-1804
889
-1012
741
259
-1252
954
-631
802
-1089
-862
-439
-433
813
1064
-1031
471
23
750
240
2035
-452
665
-25
-1547
-2007
292
-712
1047
405
-1260
-292
212
1092
1830
527
-229
497
-579
55
-141
-1044
417
402
1462
69
-97
-292
-690
-48
1246
-317
578
-119
-616
648
-1347
607
-1444
-1052
-506
-1230
-515
682
89
1712
-957
818
-1420
578
-1857
-685
-621
410
836
956
-296
-1098
-962
-406
115
-179
1157
233
-1112
158
-1297
-1123
1332
-1284
-909
-2252
-1055
-566
2546
-300
1233
-1611
-399
1289
580
555
226
-1117
-911
-407
260
-34
1141
799
-936
-560
-967
110
745
1840
398
1462
-150
1658
-1090
-79
-664
-232
1387
-11
1248
-1444
-212
-32
120
-3
112
-748
-264
-160
453
0
-112
1382
276
1252
1711
-480
88
-487
-562
32
-796
-344
-1496
-395
1102
-318
1376
-533
-114
-492
293
-1502
-879
-962
-374
1022
1077
465
160
-125
478
-635
-169
-511
-2415
440
-1206
-212
-78
-556
-265
-373
589
-133
-378
-248
-69
-1005
927
-1134
-1132
-1274
-711
659
154
1631
-1116
675
-1500
423
-1927
-742
-518
479
824
993
-406
-1264
-897
-361
162
-108
1164
128
-1165
-41
-1304
-863
1454
-1569
-755
-1842
-1167
-273
-214
751
1465
758
1493
-1036
942
-626
495
482
337
1099
191
-149
-2205
-1217
407
-57
837
-80
-1619
-1025
-42
-192
-1308
-410
-1988
-2128
-360
-337
-908
498
826
-534
1719
1768
933
805
419
-461
581
1291
527
-1089
-610
-599
826
1809
665
35
-1477
-393
-633
-1013
251
-1547
152
-1036
-1556
-1192
-1328
690
565
1251
-500
-156
-481
-784
-301
-1094
-612
-568
-198
-126
-1259
-520
-360
-1766
459
-1720
-617
1130
-365
1650
-298
-772
-1001
-727
-1066
426
203
-412
834
-633
158
-603
368
-971
-228
105
-572
638
956
439
514
731
-1882
484
-801
-348
1892
-1088
1122
302
303
994
368
-138
489
62
1021
-117
400
358
-118
685
-1303
-432
-807
872
1547
872
1266
-884
1148
-624
501
504
349
1090
-18
-356
-2146
-1225
454
32
907
-241
-1674
-959
121
-338
-1338
-547
-1847
-2194
-311
-303
-776
-204
-1408
-1976
-610
79
-499
-516
-1420
-338
423
1454
265
1290
-772
-36
-173
-684
-470
-304
-140
-1230
216
-271
-980
558
-644
-1289
-1174
121
-948
419
482
-471
-875
926
197
579
1181
741
-731
555
492
-669
824
70
143
73
534
58
-414
841
-1380
-277
-1625
-532
218
1144
553
381
-17
38
1805
1424
58
41
-1042
-299
-318
-197
-1869
-1539
-201
-657
1059
-466
185
-1122
469
-1873
145
-2058
694
305
519
351
-949
-780
-1290
-186
768
-378
2117
-870
-1015
85
-2162
2017
409
223
829
-2378
-328
-581
-104
1067
764
782
-518
-789
-416
-1125
1979
-514
1575
-731
684
-393
261
-1196
397
195
1328
1700
176
-35
44
796
-252
-319
-1582
-1996
-432
-6
-562
-636
-1361
-324
414
1492
147
1228
-876
-72
-204
-784
-371
-329
-96
-1192
330
-360
-965
527
-660
-1412
-1117
128
-849
392
118
122
-717
150
-216
-994
-1489
-1430
-1450
-1591
779
452
14
329
-851
-669
739
-776
-162
-1030
162
-516
625
-78
-1647
89
-1633
-47
-370
721
914
1082
565
-994
-1452
-984
-781
391
-120
1598
-328
1233
-7
-1026
363
-212
956
-58
585
-796
303
778
-601
-290
-378
-736
1432
1566
1185
1210
572
-45
-522
734
-268
-258
466
-2892
-552
-1978
1089
-42
766
-51
-476
452
853
-92
-159
-391
4
1588
-77
1445
-37
-430
1994
509
-390
1071
-1041
-276
1032
221
105
392
-393
51
-691
-480
-246
-1181
78
842
-1390
-250
-422
-2225
304
-155
-1707
-355
-1556
-171
348
-184
-154
-1080
-536
305
17
-1029
196
-690
2116
783
2543
-606
-264
119
-911
80
-149
-1112
-1385
-1637
-1291
-1464
906
461
1
282
-858
-600
778
-787
-106
-1064
236
-486
688
-326
-1660
-18
-1612
-95
-380
757
872
1402
447
1314
-988
385
658
-639
563
-921
-579
456
-1009
324
-1387
-848
8
-314
-558
25
-494
-698
1040
-1993
-430
-1560
-467
-1189
200
-719
-685
2130
-10
2785
-1046
-562
-3348
-799
-1924
673
752
-8
1037
872
1254
669
1579
-985
512
481
-427
318
87
55
497
1108
-937
598
-715
440
811
-769
422
-802
-520
358
-2049
-747
-642
-259
1627
125
-921
-1171
-704
-1133
934
-313
-84
-535
158
-706
217
22
384
-1143
201
-356
190
1455
828
-1000
-205
-1024
758
-160
638
-195
-1078
816
-108
-932
312
-358
1166
184
545
-1462
-1282
-110
594
-35
928
-426
-59
-131
643
-160
320
64
234
-608
1180
996
537
343
-543
-1599
657
960
106
1603
-1212
310
598
-506
645
-1082
-420
416
-1041
99
-1441
-836
130
-468
-497
32
-504
-649
1087
-1960
-208
-1715
-327
-1040
322
-928
-650
2337
-190
2186
-1094
683
-215
416
-2166
-1243
-1938
468
388
831
-1325
-671
608
-1221
1711
726
937
1234
655
296
-283
-286
-867
-608
-1185
342
-543
719
430
-225
13
-579
472
-154
567
-181
-20
-918
-716
239
-698
1128
-218
472
-419
-388
-497
-1628
-795
-1266
95
-1073
1969
-107
435
418
-1544
-616
-339
2071
-270
1176
-1793
-1088
-603
1555
874
370
355
87
-639
825
-1198
-707
-24
110
1102
-1375
728
-2004
53
-1
-432
-749
75
-713
597
389
1428
-33
1198
-1041
-1213
-383
-337
-256
1967
-1479
1102
649
-157
1186
112
-1379
690
-1371
408
-107
892
255
406
277
-367
905
1722
-138
1253
-1089
339
275
237
188
-1607
77
-320
-987
-245
-1695
-774
951
322
99
-2399
-1376
-1669
415
255
706
-1340
-676
598
-964
1900
816
826
1351
556
215
-329
-340
-795
-759
-1153
335
-581
751
265
-188
78
-618
266
605
-497
1425
465
1094
326
-201
-365
-1468
931
-1176
-177
-1473
38
-398
1478
278
42
360
-162
191
-154
-245
-283
844
716
-617
109
-1228
925
-110
1648
-1160
1124
233
1367
-59
318
-1301
-228
180
-107
-415
-396
-356
-416
-506
-90
-795
1328
1095
844
729
638
86
1390
-3
-404
-1455
-659
-1548
-706
-1
-728
854
864
716
-80
77
-439
-1415
-596
-1142
-969
1188
518
1831
-971
248
-1927
-833
118
835
-488
434
-1638
-1087
259
-531
1349
-1555
-650
154
-102
863
2102
-2336
667
138
-182
1360
634
-753
1214
522
584
398
-1820
-573
-794
266
457
611
-1970
-1361
-1869
-1314
-353
1522
9
960
311
-266
-644
-941
-482
-1377
-42
529
-631
1398
452
1183
184
-201
-278
-1312
1046
-1162
-35
-1455
151
-235
1500
287
6
319
-232
235
-183
-300
-250
908
619
-598
238
-1109
1056
181
1668
-48
1193
189
244
-793
625
-276
1208
-432
-583
-1369
-659
520
978
707
1304
646
56
-184
-1018
-704
369
940
970
-461
18
-558
1218
-390
410
-559
-1903
1228
-1166
-362
677
-272
1236
34
158
-1464
344
401
497
267
-916
-982
-9
-1525
861
-855
507
1465
-14
215
-250
-524
1217
132
803
-507
123
-864
1152
-882
159
898
294
851
311
59
-1363
828
220
-647
1530
-375
598
1117
-126
-87
-1365
-608
-346
-82
709
-676
-1817
-1406
-1567
-1010
35
-2377
-1291
-2095
-399
2223
286
2341
-487
525
116
1599
-1256
846
-1366
-593
691
513
-331
113
-1241
-1246
-449
42
918
-450
1547
-990
-522
219
-1193
-1377
88
-916
-51
617
696
86
1243
150
262
-682
778
-110
1204
-488
-510
-1407
-453
648
929
877
1196
616
-41
-299
-994
-670
377
1085
894
-487
15
-343
1340
-393
313
-807
-1215
208
-130
877
1088
506
714
-1204
-1179
751
768
1512
-349
-958
-785
-1015
435
167
-1065
110
-173
970
-41
1664
399
217
1079
-1809
-571
-203
-77
897
-369
-1143
-553
207
-42
1548
-38
-1008
1071
-1969
-47
-1031
-107
-262
-297
-99
-997
620
620
570
-725
-1935
-423
-867
553
1122
-837
-1089
844
-1228
702
-356
121
-359
1091
1550
261
478
291
-1794
-299
-1279
-227
-1783
1764
-1464
1776
391
184
-747
-442
-1062
386
604
-60
546
-1187
505
-903
753
314
575
479
247
-1686
-493
-1510
-995
664
-1057
91
-701
-1015
-775
-1074
-744
33
892
469
415
-373
-547
230
1315
2006
1440
1655
1176
-436
1370
-97
-1122
251
-1563
247
197
1180
272
28
1077
911
508
652
-1284
-1037
805
644
1457
-514
-1059
-630
-959
579
75
-1108
87
-176
937
-146
1693
278
342
1047
-1884
-325
-153
-150
764
-190
-270
39
-96
98
-168
81
-89
83
-138
47
-89
84
-129
104
-84
64
-150
74
-129
66
-145
81
-104
81
-153
92
-123
85
-133
46
-125
69
-124
86
-146
93
-146
61
-136
112
-107
84
-134
71
-115
83
-125
85
-130
62
-113
100
-123
86
-136
73
-130
83
-124
76
-128
94
-124
97
-98
76
-99
82
-132
81
-106
82
-127
83
-112
81
-132
72
-137
87
-116
76
-119
70
-122
90
-126
87
-115
71
-122
106
-123
81
-102
85
-112
77
-111
93
-115
75
-97
86
-128
100
-117
82
-115
72
-122
107
-111
81
-131
76
-132
90
-127
84
-103
91
-109
93
-124
80
-103
82
-104
87
-113
93
-114
104
-117
64
-124
79
-117
104
-103
96
-131
76
-108
98
-104
76
-112
105
-117
89
-105
105
-119
97
-129
90
-113
77
-92
78
-100
102
-115
96
-118
108
-114
82
-130
92
-122
100
-103
80
-97
96
-110
89
-110
81
-109
90
-115
77
-125
85
-97
105
-124
108
-95
88
-115
105
-121
86
-100
106
-123
102
-104
91
-98
111
-115
98
-128
91
-123
74
-92
106
-94
91
-100
82
-108
78
-122
85
-109
95
-112
92
-84
97
-111
98
-108
92
-138
95
-120
111
-105
97
-112
86
-110
79
-110
102
-118
85
-102
89
-78
102
-104
105
-101
83
-94
86
-101
86
-107
117
-55
41
-10
-25
2
-10
1
8
-16
5
5
-13
-18
-11
-18
-6
-13
24
11
-8
0
3
-12
8
3
-5
0
-19
-10
-7
-24
-14
-14
-13
2
-18
3
-26
-6
-23
-2
-14
-16
28
-6
-7
-5
-30
-7
-2
-2
-14
0
-13
17
-17
-8
-13
-3
-1
-8
1
-21
-25
-6
-5
-1
-6
-6
-14
-11
-13
-13
-19
-6
-27
0
-28
-17
-2
-11
0
-17
3
1
-9
-11
-6
-17
1
-8
-17
6
-7
-14
-5
-10
-13
-19
-10
-5
-7
21
-15
2
-9
-7
-6
-12
-3
3
-14
-7
-17
-7
-4
8
4
-3
2
-23
14
-4
-6
-26
3
5
-16
-16
-8
-21
-10
-10
-29
-15
-3
5
-29
-16
-5
-21
2
-2
-10
-10
-30
-20
-26
-4
18
-25
-2
9
-27
-13
-15
-12
-7
-11
1
-30
-7
-20
10
-16
2
11
9
-3
-10
-20
-9
-2
-4
-8
6
-5
13
-20
-16
-15
-5
-7
9
-7
0
6
-8
4
0
6
-8
-6
-18
1
-5
-17
6
-14
-11
-14
-23
-10
7
-11
-4
6
-14
3
-5
-14
-19
-15
-9
-28
-21
-18
-2
-12
6
3
-9
-20
-5
-20
-24
-8
-21
-6
-3
-13
-4
-18
-12
-11
-11
-29
-13
-2
-11
12
-1
-3
-4
-12
-25
15
-22
9
-11
11
-8
-2
-1
-11
-9
-12
1
-8
-14
-10
-9
-5
3
-1
14
0
-16
1
-8
-21
-19
-14
-17
-2
-8
9
-11
-11
-18
-11
-9
-3
10
-9
-7
-7
2
9
-7
16
-2
-5
-18
-22
5
-12
-11
-21
-16
-10
-15
-14
-6
-4
-4
1
-10
4
-11
-9
-2
3
3
-5
-11
-5
-3
-17
-6
-1
7
12
12
-6
-10
-4
11
-7
7
8
4
-12
2
-15
-17
-17
2
-9
-35
-12
-19
0
1
-15
9
-10
-15
-13
-9
-20
-8
-12
-26
4
-24
-8
-15
-13
-1
11
17
-24
-17
-28
-18
-8
0
-8
13
-13
8
-20
-23
-5
-10
-14
-9
4
1
-6
-8
-22
-28
-13
-6
-19
-21
-5
-5
0
-11
-9
-2
-13
-1
-10
-22
0
-3
-4
-8
8
12
-9
1
-14
-7
-8
-15
-7
-13
-1
-16
-18
-1
-1
-11
-7
-2
5
-9
9
-16
-5
-9
-12
10
-14
7
7
14
-12
-1
8
6
8
-3
-23
-2
0
1
-2
-9
-13
3
-35
-19
-4
-21
0
-16
-15
-24
-17
-15
-2
-8
5
9
-13
-11
-5
-15
-19
-1
-13
-15
-16
-5
11
-17
5
-4
-17
-29
-16
-7
-4
4
-29
-17
-13
-19
-2
-5
-7
-14
2
-1
-2
-23
-18
-9
-3
-10
8
-15
-13
3
8
-12
-6
-5
-11
-17
-26
-18
9
3
5
-1
-20
-8
6
1
2
-17
-3
7
-2
5
-29
-21
-18
-19
-6
8
-9
-11
2
-7
-6
-10
-15
-5
-17
-3
6
-30
4
-5
-33
0
-16
-16
-14
-4
-4
-1
-12
-7
-13
-4
-14
2
-9
-10
-11
0
-26
-17
-10
-6
2
-12
-5
-8
-13
15
-19
9
2
-8
-5
-9
-8
-10
-10
-18
-15
-9
-6
-12
0
-6
-17
-2
-32
-27
-3
21
-11
6
1
-5
-6
20
-33
-14
-13
-8
9
-15
-7
-13
1
15
-6
0
-7
-24
10
20
7
8
-13
-18
-22
-6
-26
-13
0
-6
-14
-7
-24
-15
-13
6
-11
-1
6
12
-24
-2
-7
-11
-2
-8
-13
9
-20
-18
-2
-6
-10
-9
1
-11
1
2
9
-10
-1
-13
1
-25
-7
-6
-31
-9
9
-14
4
4
-2
-19
-22
-4
-14
-2
-11
-31
-15
-1
-30
-7
-23
-4
-5
-1
-13
-7
-14
-5
-16
7
-3
-9
-14
14
-11
-6
6
-3
-8
-7
-29
-3
-19
-20
4
-19
-10
0
-15
-17
2
-4
-1
-13
-17
-18
-23
8
-3
11
17
-36
-27
-2
-12
11
1
-27
-4
-14
-11
0
2
-9
8
6
-6
0
-15
-23
-10
-5
-4
-7
-7
18
-24
2
-14
-31
-9
-7
4
5
-1
-9
-10
-27
0
-3
-13
-12
-1
-16
-15
-15
-7
-25
-2
-1
-5
-3
-4
-19
1
-23
-5
-18
1
4
-12
-8
3
1
-3
-2
-4
-16
1
-23
-5
-3
-7
-27
-23
-19
-4
-5
-11
-7
4
8
-10
-6
-16
-11
-13
-13
-18
-12
1
-11
-7
-20
-3
-19
-12
-23
-6
-20
-9
-6
-1
-26
3
-8
-13
-9
-3
-5
-26
-4
-14
-9
12
-9
8
-20
-8
4
-14
-6
18
-23
6
-4
-11
6
-1
-6
-1
-5
-5
-8
-5
2
2
-20
-9
-4
10
2
-3
-21
-18
15
3
-6
-10
-8
-15
-17
-12
-3
0
-16
-14
-3
-12
-17
-2
-24
-13
-26
-10
-4
0
5
-14
-13
-16
1
1
-24
-12
2
-12
1
4
-9
7
-7
-16
-2
-8
-11
-3
-4
10
-33
14
-7
-11
-1
-14
-10
-12
-7
-10
-22
-8
-18
-4
-1
-27
-3
8
-15
-14
-13
-8
-12
-4
-8
-18
-22
5
3
3
-13
-9
13
-19
6
-9
-21
-6
9
-13
8
-37
-17
16
-16
-1
5
-15
8
-6
-1
-17
-21
-10
-5
-5
-10
-17
-4
-5
-12
4
-12
-17
1
-5
-4
-12
-14
-22
-7
-17
-6
-5
-17
-2
-15
-10
3
10
4
13
-17
-8
-18
-5
-14
-20
-9
0
9
0
-4
-21
-4
-16
-1
-7
-11
-4
-18
-10
-11
-5
2
-18
3
-4
-1
6
-10
-2
-9
-17
-15
4
-14
-2
-9
-4
1
-4
-3
-13
-17
-7
-1
-31
7
-8
-6
-10
0
7
-9
-1
-10
-10
-4
0
-1
-17
-3
-1
-22
-1
-20
-20
-4
2
-10
-17
16
-20
-3
-39
-25
-6
-2
-2
1
3
-12
3
-6
-23
-13
-14
-28
-11
-17
-7
-25
-10
-31
19
-5
2
-13
-2
-30
2
-7
-8
-4
-9
-19
-15
-10
-15
2
1
0
-4
-16
-6
0
-24
-12
-6
-10
-2
-4
-14
-13
-2
-21
-25
4
-6
-9
11
-17
0
11
-5
-15
-13
-5
-5
21
4
-9
8
-6
-13
-6
-21
0
-13
-18
-10
-15
-14
-15
-24
-5
-1
-21
-4
-22
-14
0
-7
-29
4
-17
16
-14
-9
-12
5
-32
-7
-16
-9
-10
4
5
15
-14
-6
-16
-10
-3
-17
4
0
-10
-2
4
-18
-11
-3
-13
-3
1
-12
-2
-17
-2
2
-30
-6
3
-18
-5
-24
-21
-1
-19
-7
27
-7
-10
-15
-30
-13
-12
7
-11
7
-6
-17
-23
-23
0
-27
-12
4
-1
1
-4
-26
-22
3
-38
7
11
-3
-16
-8
-8
-8
8
-22
-5
-17
7
8
-7
-13
-11
-18
-4
0
4
-2
-13
18
-1
-8
6
-18
-18
-5
-2
-13
-9
-1
-13
-7
-2
3
-10
0
-15
7
-3
1
-6
5
-5
-16
-17
-15
-15
8
-20
-15
-16
-15
-4
3
-8
10
3
2
-7
-13
-12
-26
-10
-8
-11
-6
-21
-6
-4
-5
-12
-14
-10
-21
-20
-5
7
-4
-10
-20
-2
-9
-19
7
-14
-17
-2
-3
-6
-19
-14
-25
-25
-15
2
-6
6
1
-9
-22
-22
-8
-15
-14
-14
-8
-14
-9
-2
-2
-1
-15
-16
-18
7
-14
-9
-16
-3
-21
-8
5
7
-15
2
-31
-18
-10
-9
-26
-14
0
-5
-24
-25
-12
-22
8
-3
11
-10
1
4
-9
15
-13
0
-14
-15
-9
-1
-29
0
-6
-2
-17
-3
4
-10
10
3
-29
16
-5
-14
-26
-8
-20
-10
-11
-9
-17
-5
-11
-23
3
4
-7
-10
-25
4
-8
-4
-14
-8
-10
-22
-28
0
-21
9
-11
3
-10
0
-13
-1
-5
-20
-9
-19
-8
-7
-9
3
-8
-1
-26
-1
-24
4
0
-19
-4
0
-29
-15
-10
-8
4
-17
-10
-8
1
4
-9
0
8
-15
-12
2
-16
-12
-27
-2
-3
-29
-7
-23
-15
-10
-9
-11
-8
6
20
-1
12
-2
-4
-15
1
-1
-9
-10
-16
3
0
-8
-12
-5
-16
16
-9
-4
-29
-2
-30
-8
-19
-21
0
-27
-11
-13
-32
-17
-7
-5
0
-7
-7
-23
-19
10
-9
3
-5
-15
-5
-21
-6
20
-13
-5
-2
-10
-20
-4
-11
4
-4
0
4
-7
-6
-9
-15
-21
-15
-22
-2
10
-5
-6
-28
-15
-20
-5
-13
-16
-4
-1
-7
-13
-21
-7
-21
-10
-13
-16
-26
-12
-21
-15
-21
-3
-8
-4
-7
12
-2
-2
-1
-10
-24
-16
-10
-24
4
-9
-12
-10
0
-16
11
-5
3
-4
-11
-13
-1
11
-10
-4
-5
7
7
-10
-2
-30
-10
-1
-24
-16
-5
-9
-6
5
-25
-14
-22
-1
-2
4
-23
-11
-11
-21
-4
-14
-15
-22
-5
-4
-25
-25
3
-23
-12
-2
-10
12
-16
3
-2
-9
-15
11
-2
8
4
5
-22
-4
0
-7
-23
-7
1
-2
-11
13
-5
3
-14
-4
-27
-6
-8
-16
-9
-7
-16
-28
-9
-4
-5
-17
-7
18
-4
-5
-19
-26
-13
-13
-9
-15
-13
-7
-16
-17
-16
0
-17
-8
-14
-10
-9
-2
-17
8
-12
4
5
-12
-19
-14
-21
-14
-1
-3
-13
-8
-26
-5
-9
-17
-16
-11
-8
-6
2
-22
-6
5
-11
-11
-12
-9
1
7
-5
-4
-13
-18
-14
4
-11
-25
-26
-17
3
5
-9
-25
-11
-15
2
1
-12
-12
-14
-13
2
-1
-18
0
-17
-1
-15
-11
0
-10
6
-11
-15
-35
-1
-3
8
5
2
-6
-11
12
3
-7
12
-20
-11
-10
1
10
-10
12
-3
-18
-7
-21
-12
-1
-21
-3
4
-16
-3
20
-36
12
-3
0
-11
1
-5
-22
-22
-9
-2
0
-12
-12
-12
-16
-18
-25
-15
-9
-8
-15
-11
-6
-2
-7
-7
-5
-6
6
5
2
-4
4
-12
-6
-6
-7
6
-4
10
-8
-18
-9
-17
6
12
-9
-6
-9
-22
5
5
13
-18
-16
-10
-23
-6
4
-24
-11
-1
-20
-7
-11
-7
5
9
-12
-11
-5
2
4
-5
-4
-10
11
0
2
-3
-6
14
-12
-15
-2
-15
-2
-12
-3
-16
-6
-16
0
-15
-9
16
-8
-13
-19
-18
-18
-21
11
-4
1
-21
-7
-9
-15
-2
-4
-24
-17
19
2
-3
-12
-16
-17
-7
0
-3
-15
11
-15
-8
-19
-2
-9
1
7
-12
-18
-1
-12
-23
0
-31
-15
-20
-17
-7
7
-21
-6
-13
4
-11
-19
-13
5
-4
-14
-2
-1
-10
14
5
-8
-8
-4
-15
2
-10
-3
-13
-20
-3
-2
-20
-7
-21
3
-20
-25
-12
-5
-5
7
-3
0
-21
-17
-16
0
-7
-9
-8
-1
-19
14
1
-9
-3
-14
-7
-8
3
-16
-5
-11
-3
-23
2
0
-1
4
-13
-14
-6
-14
-21
-7
-6
-2
-26
-2
-15
13
-7
-11
-10
-20
9
-6
5
-12
-25
3
-35
4
2
-2
-7
12
-15
-10
-21
-16
-1
8
12
-14
-21
-4
-16
-10
15
7
-9
0
3
-30
-16
-10
-10
7
16
7
-2
-28
-11
7
-2
1
-1
-2
-25
-8
-4
-20
-15
-2
-20
-18
-4
-11
-8
-5
-20
-14
-13
-7
3
-16
-23
-9
-20
1
-11
-6
-21
6
-1
-14
0
-31
-20
8
-27
-8
-9
11
-14
5
2
-4
-9
1
-17
14
4
5
-7
3
-10
8
-4
-16
0
-8
-1
-12
-19
-15
-13
6
-12
13
1
-22
-6
-10
1
-3
-20
-7
-2
-7
4
5
-35
-7
-12
-11
1
-1
-35
8
-4
-10
7
4
2
15
-3
-9
-10
-11
-7
-4
-6
-12
-3
2
-8
0
24
1
-15
-11
-4
-15
-9
-7
-10
1
-14
-5
-21
-41
-11
-9
-2
-4
-17
-26
-16
-15
-6
-15
-20
-13
3
-2
-15
-23
-16
-17
4
-13
-8
-18
-9
-14
-10
-13
-17
-5
8
-1
-5
-13
-21
-22
-8
-9
-23
-7
-8
-21
-14
0
-8
-11
-19
1
-13
5
-13
7
-19
-15
-3
-18
2
-17
-17
-16
-3
-14
4
-30
-5
4
4
-7
-9
3
-16
-10
-15
-11
-16
-8
-2
-3
-17
4
-5
0
-7
-10
-19
-23
6
3
5
-5
-7
1
-19
-21
-9
-19
-22
-8
-6
-5
-6
-5
-1
-23
1
3
7
-4
-30
-6
-13
-4
3
0
-14
-5
-7
6
-1
-26
-6
-16
3
-24
-9
-24
5
-19
11
-28
-17
-37
-8
-6
-15
15
-4
-15
-23
-30
1
-13
-3
-12
-24
-13
-6
16
7
-4
0
5
-6
-7
4
-14
-3
-3
10
-6
-4
5
-16
-4
2
-15
-2
-10
-21
-33
2
-1
-1
-3
-5
11
-22
-1
-24
-10
1
0
-8
-37
-10
-2
-4
-17
-2
-25
-1
-5
-18
-9
-33
-8
0
-11
-19
-15
-4
-7
-17
-4
-9
-24
-18
-10
-22
-21
2
-18
-7
-20
-4
-18
6
-19
-19
-16
-20
-25
-1
-24
2
3
0
-26
-9
-6
-1
-18
-15
-10
1
6
-15
-10
12
-8
14
-13
-27
-6
-5
2
1
-1
-17
-23
-12
-5
-18
6
-26
-23
-17
-11
-2
12
-12
-24
-29
2
-18
-11
-22
-15
-9
-26
-8
-22
-24
11
-16
-9
-25
8
-17
4
-24
2
-2
1
-6
-11
-15
-15
-15
-17
4
-11
-18
-2
-36
-6
5
12
5
-37
-14
-18
-8
10
2
-24
-11
-13
-5
-5
-14
-18
12
-1
-8
4
-20
-11
-3
5
8
1
-10
-11
-23
-3
-11
-6
-23
-8
-3
-5
4
4
-4
-16
2
-37
-6
-6
0
0
3
12
-15
-7
3
0
-19
-1
-19
-14
-12
-10
-14
-3
-3
-4
-3
3
-2
-4
-8
-17
-14
-11
-19
-3
19
-10
-2
-5
-6
-6
3
-22
14
-7
1
-4
-12
-1
-10
-18
-8
-3
-16
-9
-12
-19
-5
-4
-25
-22
-12
-19
-19
-16
-5
-7
-10
-13
-15
-7
-2
5
1
-13
-8
11
-9
16
-13
-23
-6
2
-5
-1
-23
-11
-17
1
-9
-8
-14
-11
-6
2
-21
1
-9
-4
-6
-4
-5
-27
-4
-30
-3
-11
2
-21
-27
2
-10
6
-9
-7
-13
6
-9
-14
2
-7
-1
-16
5
2
3
-8
-5
5
7
-6
-3
-5
-17
-9
-2
1
-2
-9
-9
0
-4
-15
-15
-15
-32
10
-16
-8
-4
-1
-1
1
-11
-9
-22
-28
-1
-5
-8
-11
-1
-4
-2
0
-15
-18
-8
-13
-25
-15
-28
-10
4
-4
12
-11
5
-15
-2
-25
-19
-3
7
-24
18
-7
-11
-19
-8
-5
-17
-8
-1
-15
-3
4
-3
-5
2
-28
-5
-9
-23
-19
3
-2
-6
-1
-11
2
-21
-2
-12
-25
-17
-21
-11
-4
-5
0
2
-9
9
-7
-15
-2
-19
14
-14
-16
3
-15
-4
3
-7
-7
-13
-8
-3
3
-8
-7
3
-17
0
-3
-15
-14
-6
-12
8
1
3
-10
8
-13
9
-3
-3
-15
-15
3
-7
0
0
-10
-8
2
-5
-3
-3
-4
1
-9
-4
-3
-15
-16
-5
-9
-1
-12
0
2
-5
-8
-20
-18
-10
-9
11
-2
-14
0
-5
-1
-8
-9
-16
-9
-9
6
3
-24
-23
-8
-13
8
7
-34
-1
-3
-16
8
-17
11
-14
1
-12
0
-19
0
-25
-4
9
-5
-1
14
-16
-6
6
-7
4
-10
2
-23
-6
-25
-17
-8
12
0
-25
-11
0
-14
-5
-7
-5
-1
-3
-9
-11
-8
-2
-10
-12
3
5
-21
7
-3
-12
-19
13
-4
-9
-7
-21
-31
-8
-20
-7
14
-1
-2
-6
0
3
-17
3
1
-18
-1
-39
-11
8
-31
-21
-21
-30
-5
8
-5
-7
10
-22
-11
-18
0
-2
-21
-1
5
-2
1
-13
-24
4
-6
-6
10
-8
-15
3
-6
-14
-5
-12
-6
-14
-13
-26
1
-21
-2
-3
-23
-4
-1
7
2
-7
-4
-19
2
-13
-8
-11
-9
-10
-8
16
8
-2
10
2
-11
-17
3
-15
4
-12
-18
-1
-29
-4
13
-13
4
-7
5
-20
-12
5
-9
-13
-14
-4
-4
1
-15
-27
-6
2
0
-8
-10
-23
0
1
-9
3
-13
-15
-7
7
4
-5
2
-11
-8
-1
7
-1
8
13
-5
-14
-28
-10
-11
-10
2
-22
-7
8
-9
-1
-12
-20
7
-13
-6
0
12
-7
-21
-8
1
-9
-4
-2
11
-14
4
-6
14
6
-3
-9
3
-11
-12
-9
-10
-11
13
3
-4
-3
0
-14
-10
-10
-17
-16
-13
-18
-5
-15
-20
-7
2
-1
-18
-11
-22
-32
-8
-9
5
-13
-1
6
14
13
-3
11
5
3
-8
-2
-3
-4
-11
-10
-1
-2
-6
-7
-11
3
2
11
-13
-9
-1
-1
-7
-11
11
-16
6
-12
-10
-7
-28
-9
-11
-8
0
-6
-6
5
-2
-2
-3
4
-17
-20
-5
-13
-5
-2
3
-9
-11
3
-7
-4
3
-2
-16
-15
-8
-13
-14
-6
-9
-6
-12
1
5
0
5
-6
8
-3
-12
-3
-14
1
6
5
-5
0
4
-3
-3
-15
-3
-16
-3
3
-10
-13
-3
-9
-8
-8
-2
-6
-24
-5
-13
-2
-7
-2
5
3
0
-8
-4
-25
-16
-11
-3
-20
4
-11
-8
0
-9
-14
-7
-6
-16
-9
-11
-6
-5
-3
-5
0
-12
-5
-4
-11
-6
2
6
-17
-9
-15
9
-13
-1
-9
-13
0
-12
8
-5
-11
6
-12
-6
2
-6
-8
-7
-4
-3
-5
-2
-20
1
-14
-15
-10
-6
-11
-4
-10
-3
-6
-15
-11
-6
-23
-2
0
-4
5
-7
2
6
-16
-1
-4
-6
-9
-13
-15
-8
4
-6
-9
-15
-5
1
-1
13
-20
-15
-8
-18
-20
-23
-17
-2
-8
-12
5
-11
6
-11
2
-8
2
-9
-18
-5
-22
-9
8
-12
-3
-16
-24
13
-13
6
-5
-27
-17
-2
-20
-1
-11
15
-4
-8
14
-24
-19
-7
-9
2
12
-9
10
-14
-10
-24
-13
-4
-6
-5
-13
-4
-7
-8
16
0
-12
-10
4
11
6
1
-8
-12
-1
-10
-19
-14
1
-3
-15
-15
-10
-7
7
-13
-8
-11
-23
2
-11
-8
-5
-19
-2
-3
2
-19
-5
-19
4
0
-14
-5
-10
8
-17
-9
-10
-19
-17
-7
-26
-9
-23
-18
-13
-16
-5
-12
-21
-16
-7
-19
14
-12
10
-18
-2
-32
-12
-27
-40
24
-11
7
-30
-20
-11
0
-1
-9
-7
-17
6
-22
-20
16
3
-7
7
-4
-15
-5
-8
-20
1
-21
19
-24
-15
-19
-12
-15
-13
-22
-3
0
-10
-2
-9
-9
-8
7
-11
-9
3
-4
-2
-28
4
-8
-19
13
-5
-18
-8
-5
-9
-23
-26
-9
-17
-10
-1
-15
-3
-9
5
-20
-15
8
-14
-4
6
-18
-19
7
0
-16
-8
-26
-3
-13
-22
-10
-18
-8
0
-11
-29
1
-8
-15
-9
14
-8
-16
-1
19
2
2
-5
5
-4
-6
-5
7
-17
-18
-17
-4
-29
-15
-6
-2
-7
20
-13
-9
-13
13
-7
-11
16
-2
3
-20
2
-3
-6
-17
-11
10
-25
-29
-23
-7
8
-24
-14
-21
-20
5
11
-8
-14
9
-24
6
-17
10
-2
2
-22
7
-8
-20
-24
-12
-14
-8
3
-8
-16
-8
-24
-29
-2
-31
3
-10
4
6
2
2
-20
0
11
-21
-13
-4
-3
-2
-4
-8
-8
-11
-16
9
-18
9
-19
8
-17
-22
-14
-33
-2
-6
-2
-16
-15
-18
4
-9
-18
1
-25
-12
3
-4
-16
-1
-9
-6
1
-16
2
-2
15
13
-1
-14
-4
-2
-6
-4
11
-9
4
-18
4
8
-5
23
-4
-6
-13
-21
3
-37
-4
-3
-7
-7
-28
4
-7
-15
6
-8
-13
5
-3
5
-30
-2
-15
-26
-13
3
3
-3
-6
-9
9
-3
-7
-3
-17
10
-2
0
-15
1
-21
-12
-4
-17
-20
-29
-9
-9
1
-20
-8
-8
-19
9
-22
-3
-11
-2
7
-4
-11
-6
4
-1
8
-6
-17
-9
18
6
5
-10
-21
3
-14
-7
-11
-27
-7
-18
-29
4
-8
-11
-13
6
-13
-9
-19
-4
-14
-4
-4
-19
-5
0
-3
-9
-10
-8
-1
-2
-15
-12
3
-14
-7
-19
-5
-13
-10
-2
-6
-13
-8
-26
0
-13
14
-12
-3
0
-7
5
-26
-10
-12
-19
3
-22
0
-18
-19
-2
-10
2
-2
-6
-5
2
-12
-8
-16
-18
3
-11
-18
-26
-32
2
-13
-10
-17
-15
-2
-7
-5
-15
9
-6
-5
-8
-14
7
15
-7
7
-5
-22
8
-16
7
1
1
12
-22
-4
-37
4
-9
26
2
-18
-11
-11
-15
-7
-23
-2
-23
-7
-9
2
-8
-19
8
-8
2
-27
16
1
-11
-6
-17
5
2
-24
10
-6
4
-7
-16
-4
-12
-14
-13
-5
-13
-25
-22
-20
-9
10
17
-3
6
7
-21
-9
3
-1
12
1
8
4
-5
-21
-9
5
-18
-12
-33
1
-20
-16
8
2
-2
-3
-15
3
-8
-25
-21
-24
10
-7
16
-1
-1
-24
-21
12
-20
-1
-11
-15
-8
-7
-18
-4
-1
-5
-12
-13
-1
11
4
-17
-22
8
-3
-27
-21
-30
6
-13
-2
-5
-10
-28
-9
-10
-20
14
11
-3
0
-2
12
-2
4
-21
-13
-13
-2
-5
-6
-23
-6
-10
-3
6
-16
-21
-14
-17
-15
25
-14
-1
21
-5
23
3
6
-9
0
-17
-4
0
-1
-13
-8
-6
-30
-9
-14
2
-14
-2
-10
-22
-7
-21
21
-20
-7
-13
-21
5
9
15
-11
-1
-10
1
-9
-11
-2
-14
-13
-10
-22
-14
0
-11
6
-1
-5
8
6
-9
4
-17
-3
-17
-15
-2
-18
-29
-17
-4
-15
-11
-2
11
3
15
11
-15
-18
4
-34
-16
-15
-4
-19
-4
6
-7
20
-16
-2
-10
3
-9
-26
2
-28
-9
-6
-16
-22
-22
-15
-12
-19
-7
-11
7
-16
-5
-29
-25
-16
-29
2
-11
-8
-8
-9
-4
-18
-10
-5
6
-16
-1
-32
-8
-11
-9
-3
-5
-13
2
-7
-8
1
8
12
-20
6
-8
1
-5
-28
6
-31
-13
-8
-21
-16
16
-25
8
-8
-7
-7
2
-4
3
-9
7
-13
-14
3
-31
-23
-15
-16
-22
-17
-2
-24
6
-18
-23
-14
-7
-13
11
-14
4
-20
-7
-17
-37
-16
-10
-5
-18
-5
-23
4
-17
-14
5
-12
17
-11
0
-21
-1
-20
-14
7
8
8
12
-13
3
-7
-27
0
6
9
-2
-7
1
-1
-18
-7
-10
10
15
-13
-10
-20
-20
-4
-14
-7
14
-10
-23
7
-7
5
-5
3
-11
1
9
-16
-18
-5
5
-13
-7
7
-2
3
-20
-11
-8
-5
5
-21
8
7
-11
-6
-14
-18
8
-15
-21
-6
-16
12
-15
-3
-19
-3
-25
-1
8
-17
-3
-3
-12
-9
-28
-7
-13
10
-1
-13
-17
-13
-3
-10
-22
2
-9
-6
-12
-5
-22
-11
4
20
-13
9
6
-9
-4
-16
7
-10
-31
10
-24
-1
-2
-1
-7
11
-3
-5
-7
-6
-10
2
6
4
-6
18
-19
-11
-7
-13
3
-12
7
-17
-21
0
-11
-12
-20
-13
-11
5
-8
-5
8
-13
-17
-9
-11
-12
4
-10
13
7
0
-1
-10
1
-10
-1
-3
-12
-4
-1
-34
-2
8
-7
0
-14
5
-9
16
-18
-1
-20
4
6
11
-2
13
-11
-15
-5
6
-6
-10
0
-15
-4
13
4
18
5
10
-10
-5
-11
-11
-20
18
-6
-3
2
-13
-24
-6
-6
-11
7
-9
-17
-3
-31
-7
-12
2
0
2
9
-8
-11
-13
-15
-28
-4
2
-14
3
-19
1
-9
-2
-20
4
10
-11
-10
-8
-6
-29
-1
-2
-15
6
-7
-13
-37
-6
-28
-5
-3
-13
-10
-5
-25
10
3
-12
-11
-4
-15
-8
-11
-12
18
-19
-3
1
-12
-1
-14
-21
-6
-3
-6
0
-2
1
-7
-9
-8
-3
-7
-18
-16
-3
8
18
-8
1
-8
-9
-10
-12
-25
-11
-12
-8
11
2
-10
0
-10
-12
-3
-23
-5
-12
14
-7
11
-5
1
1
-5
-3
-15
8
-13
-13
0
-19
5
6
-8
-13
6
-3
-16
-9
-14
-9
-8
-11
-3
-8
-13
-18
-7
-7
10
-11
-2
-3
4
-2
-16
-8
-18
-4
-20
-9
-9
-3
-13
-14
-1
-15
4
2
-17
0
-6
-33
-17
-7
-25
-1
-8
-11
-3
-5
-17
-9
-26
-14
-10
4
-30
-2
-8
-17
7
7
4
-13
2
-12
-12
6
-22
-5
3
2
-5
-16
-4
-10
-10
0
-3
18
-11
-24
-20
-11
-1
-16
-14
-14
10
-2
-15
-12
-13
-1
-5
-6
-13
-5
10
-5
14
5
-8
-14
-10
13
-16
-6
-20
0
-6
-7
-16
-7
-16
4
-1
-9
-4
-22
13
-5
-19
-12
-15
-5
-24
-8
-3
-16
-6
-22
-12
-7
-20
-7
-8
13
-17
8
-37
-1
-5
-9
-13
-3
-13
2
-4
-19
-14
-21
-2
-21
-18
-15
-5
-10
8
3
-19
-21
-7
-10
-32
-7
-4
-8
-6
-11
-9
-10
-16
-15
-15
-6
-4
-5
8
0
-17
-11
-14
-6
-9
-3
-15
-3
-14
-16
9
-17
-4
-11
-6
-9
-11
-9
-11
1
14
-2
-2
-10
-3
-16
-7
-9
14
1
-7
-11
-16
-24
-23
-23
5
-9
-13
-1
-14
4
0
3
-12
-1
-23
-26
-12
8
-9
10
-9
-12
-11
-14
-10
3
-12
-10
-5
-10
-24
-2
-21
-10
-5
-3
-4
2
3
13
-17
-13
-14
-16
-25
-18
-6
-1
-8
-5
-17
-26
-6
-5
-4
-29
-17
-7
-34
-16
-28
-19
-11
-2
-11
-15
1
-30
-10
-40
6
-20
-18
-14
4
-5
-12
4
0
-15
9
-2
1
-27
-5
-7
-9
13
17
1
-11
-3
-16
-7
-18
0
-9
-4
-22
0
-15
1
-15
3
15
-12
-1
-31
5
-11
-8
-9
8
-18
-8
-11
12
15
-13
7
-6
2
0
16
-1
-22
-16
-2
-1
-2
1
-8
-2
0
-8
22
-10
-18
11
-21
-10
-13
0
-4
-15
-17
-1
-19
-11
-13
-2
-9
-19
1
1
6
-24
-10
-7
11
10
-10
-16
-17
-18
-9
-27
-5
-22
0
-10
-20
-33
-2
-5
-19
-11
-20
1
-1
-10
9
-8
9
4
-9
-10
0
-10
-1
-15
1
-4
-12
-16
-25
1
-3
0
-8
-9
-6
-2
-27
11
-17
-13
-12
-10
-5
-6
-6
-20
-19
-1
-4
-8
-5
-13
-6
8
20
-7
-24
-21
-6
6
-26
3
-2
-8
-2
-3
11
-16
3
-3
-22
0
4
-10
-13
-3
-1
-21
-30
-11
6
-1
-8
-7
-9
-25
9
-6
-8
-1
-20
-5
-1
1
-6
-16
6
2
3
-1
-5
-7
-2
-22
-25
-9
-8
1
-10
4
-6
-7
5
-12
-5
-12
-12
-10
-6
-26
-14
-13
-32
15
-10
4
-6
-23
-23
-8
-15
5
10
-6
10
-13
3
-4
-6
-7
-23
9
-14
9
-6
-19
-14
-9
5
-12
-10
10
-24
-5
-19
-12
-3
-22
-3
-22
-8
0
-12
-6
-16
-27
-25
-11
-13
-22
-16
0
-5
-2
23
-1
-16
-8
-10
-12
-5
-9
-9
-13
-6
2
-19
0
-4
-3
-11
-8
-13
-7
-20
-3
-8
-18
-17
-3
-4
-21
7
-18
-3
-13
-9
-12
-23
-6
-4
-6
-16
-4
8
-27
2
-7
-9
-14
4
-8
-4
-6
1
-8
-6
-16
-20
-5
8
14
-1
6
13
-5
0
1
5
-4
-12
-22
-10
-22
-16
6
-15
-10
7
0
-22
-25
-13
-10
-5
-3
-15
-12
-10
-16
5
-5
-3
2
-3
-19
-18
-6
0
8
-20
-9
-9
-13
-1
-7
16
-12
-8
-8
-20
8
-12
-7
-28
3
1
-13
-17
-5
-6
-9
9
-24
2
-21
-15
-33
-19
-10
7
-18
-20
-17
-18
-20
-11
-24
-18
-7
-2
2
-6
-3
10
-3
-12
-12
-10
-14
-11
-21
-9
-11
-9
-17
-20
-5
-7
-3
-12
17
-14
-11
-4
-16
-2
9
-5
-16
-19
-20
-13
1
-6
-12
-1
-7
-9
-2
5
-12
-19
5
-14
8
-4
13
-14
-9
-16
-20
-11
13
-12
-8
-7
0
-11
-6
-13
-7
14
-8
6
-2
13
2
-11
-16
-23
-12
3
-6
1
12
-13
2
-16
-28
-4
-27
-14
-4
-27
-8
-19
-7
-13
-12
1
-10
-7
0
-11
11
3
-12
-10
-9
1
-10
10
-9
-1
-9
-3
-15
-13
-13
-6
-21
-8
-10
-7
-15
-16
-5
-2
-5
-16
14
-12
-6
-19
-8
12
-18
4
-19
-8
0
2
-8
9
-11
6
-25
-11
-4
-32
-12
-3
-6
14
-4
-25
1
-8
-20
-1
-17
-17
-15
-18
1
-8
-11
-1
-32
0
-21
-26
-19
3
-8
12
-8
12
-3
-5
-18
-2
5
-14
-24
-7
-3
8
1
-7
1
0
-6
-4
-6
-3
14
4
-17
-13
0
-21
-12
-19
-19
-21
-6
-4
2
-14
-10
-16
-20
-29
-5
-21
3
-26
-5
-13
6
-4
-13
-12
-21
0
-17
-6
1
-10
-1
-26
2
8
4
-16
-15
-18
1
0
0
-6
-7
-15
-9
1
-32
2
-15
-36
-2
10
-6
-6
19
-15
-5
-12
-5
-4
11
-14
-16
-19
-31
-1
-16
-6
-4
-9
-18
-15
-17
-4
-16
-12
14
-6
-4
6
-10
-12
-12
16
-16
-7
-18
-12
-7
-1
-8
-17
-12
12
6
9
8
-12
-19
-14
-13
8
-2
-5
-18
-12
-10
10
2
2
-3
-11
-26
4
10
-15
15
-9
-12
2
-14
-12
-14
-17
-26
-5
-21
-16
-14
-14
2
-10
-8
-23
17
-2
-10
-5
-3
-23
5
-2
-29
-15
-10
-6
-8
7
-19
-5
-15
-2
-4
9
-1
-15
3
-4
-4
-8
-2
-15
-2
-14
12
3
-9
-5
-15
-6
7
-16
-21
-14
6
-3
-18
-8
-20
-10
6
-12
-10
1
-16
-10
-14
-10
-3
2
-10
-9
-8
-1
-14
-11
-13
-8
1
3
-5
-10
-6
-4
-20
-12
-12
1
-4
3
-3
-12
-23
-8
7
5
-2
-10
3
-6
1
-4
5
-2
-13
-8
-8
3
-9
-18
-8
-5
3
-5
1
13
-17
-2
-24
6
-11
11
-10
-5
-26
-13
-18
1
-16
2
-13
6
-9
-6
-35
-25
-5
0
4
-4
16
-11
-23
-10
-5
-12
-25
-1
-13
0
-9
-5
-10
-3
-16
1
-13
-9
-10
-20
-21
-34
-15
0
-15
-15
-12
-34
-9
-18
-15
-8
-17
-12
1
-14
1
11
-11
-3
-9
-1
-14
-33
-14
-7
-8
1
-1
-4
-8
-16
-17
-9
-3
1
10
-4
-16
1
-5
-7
-11
-8
11
-15
-9
-4
-14
5
-18
9
-30
13
-25
-14
-22
-5
1
4
-22
-12
-4
4
-5
-16
-10
1
-5
-4
-8
-12
-13
-17
1
-13
15
-11
-5
-17
-19
2
18
-11
19
-8
0
2
-17
-9
-15
-5
-2
-27
-5
8
-5
-11
-1
-4
-8
-14
-21
-37
10
-8
14
-7
-1
-8
-2
-18
-13
-13
7
-4
6
7
-27
-13
-4
-13
-17
-3
12
-19
10
-30
-22
11
-2
-18
4
-30
-6
-11
-3
-17
-7
-5
-18
-16
-12
-16
-10
-21
17
-17
-1
-8
-20
-28
-2
-21
-2
-17
-9
-22
-21
-9
-13
11
2
-10
-13
-10
-8
-19
5
-26
-6
-11
-11
4
9
-3
-14
-28
-11
-8
-8
-2
-12
4
9
-7
-21
-5
-13
-3
-10
-10
-23
-19
-5
-6
0
4
-30
-15
-1
-33
-10
-10
-20
-14
-10
-21
-15
-8
-6
-26
-27
21
-14
29
-11
3
-1
-11
-20
8
-21
4
5
7
-5
-26
2
-26
3
-4
-23
-7
-21
-4
-3
-21
-5
-12
-15
-20
15
-19
11
12
9
-5
-9
0
11
6
-13
-6
-6
-3
-8
-24
-3
-11
-9
-22
-20
-16
0
-18
2
-3
0
-11
-20
8
-3
-7
-18
-2
-12
-8
-21
0
-15
-7
-25
5
-6
-4
12
-21
-3
-9
-6
-16
-29
-5
-4
-6
-6
16
-21
-15
-13
9
-15
-13
-13
4
6
-4
6
-17
-24
8
-12
-10
2
-4
-10
-14
-11
1
5
-6
-7
-20
-2
-6
-5
-7
5
-10
3
7
-15
7
6
-11
-9
-15
-3
-11
-11
-19
-7
-4
-7
-10
-20
-18
-2
-11
-10
-16
1
9
-11
-14
-6
-10
0
-5
-6
7
-14
12
3
-6
0
2
-20
2
-2
-2
-20
-3
5
-15
-10
8
-10
-10
-4
-11
-9
12
-12
-5
-16
15
-3
5
-8
-8
-12
-17
-9
-5
-9
11
-23
10
-4
1
-2
-13
5
-2
-19
14
-19
-2
-9
-7
-21
-25
-14
-5
-12
5
3
-13
-25
-9
-17
-21
-16
-19
-10
-5
-18
-14
-3
-4
-13
-13
-14
-18
-9
-19
-13
-5
-5
-6
-27
-14
-7
-18
-10
-2
-12
10
-17
-7
-2
-10
-28
-20
-7
4
-6
-4
-14
-8
-18
6
12
8
-12
-6
-16
-15
-2
-16
-16
-1
-21
-1
5
-24
-23
-11
-28
-18
0
-9
8
-21
6
-12
-22
8
-6
-30
-4
-10
-16
-3
-29
-21
-7
-1
-21
3
-5
-11
-23
-12
0
17
-5
-10
-24
-22
0
10
-13
-15
-13
-15
-4
6
9
-8
3
1
0
-5
-7
2
-12
-10
-2
-13
-9
9
-32
-6
-10
-23
-9
-8
-10
2
3
-6
-2
-4
-10
2
-10
-12
-3
-10
-4
-4
-13
-30
-21
5
-27
-3
-15
5
4
-17
-13
-12
-8
-18
-7
6
0
-16
-11
-13
-22
-2
-17
-13
-17
-6
0
-16
-6
-4
-13
5
-6
-17
-20
-9
7
4
-7
-15
-16
0
1
-17
-7
7
-26
5
-3
-16
-3
-8
-1
-7
-5
2
-20
-12
-1
-29
-9
-22
-16
-3
-12
4
-20
-20
-14
-3
-10
2
-12
-12
18
-28
2
-29
-1
-1
-8
-18
-17
-15
9
-8
-7
-8
2
0
-2
-13
-10
-21
-5
-17
-2
0
-18
-2
7
-23
5
-7
-23
-18
-15
-10
-19
10
1
6
-5
6
-24
-17
-15
-6
0
-1
-16
-27
-2
2
1
-2
-9
14
-15
6
4
12
-18
3
-2
-25
-5
-18
-9
-11
-16
-19
-2
-12
-16
4
-19
-4
-17
-8
-11
-27
-12
-12
-5
-4
-7
11
-2
-4
12
-5
-26
-1
-3
-2
-17
-15
-34
-12
-23
-20
-15
-11
-6
1
-13
7
-14
-2
-2
7
-12
-16
-3
-17
-11
-1
-14
-19
-8
-6
-7
-9
2
-6
-8
-13
-10
-36
-30
-3
-10
-25
-5
-7
1
12
-21
-2
-12
-20
-27
-7
-19
2
7
-10
-7
-8
-6
-17
-17
-21
6
-7
-14
-1
4
-24
11
-3
-15
-14
-6
1
1
-21
-7
6
-16
-9
-15
-20
-23
-7
4
-8
15
5
-20
4
-12
-12
-7
1
-8
-16
-14
-29
-7
1
-25
-5
4
-10
-4
-24
-22
-26
-4
-5
-7
-14
-14
4
-4
-11
-4
-15
-6
-9
14
7
5
-1
-18
-25
-16
5
-4
-17
-17
-5
-8
-9
-5
6
-2
-15
-5
-12
-15
0
-23
-12
-10
-22
0
-21
6
-20
2
-7
-25
5
-3
-3
6
2
0
-1
0
-16
-8
-15
-25
-13
-7
-23
-15
7
-5
3
-23
-17
-21
2
-18
-9
-6
-14
-9
-10
-18
1
-23
-2
-11
-9
5
-14
-17
-4
-15
-2
-12
4
-5
-5
-13
-20
-12
-24
-23
-11
-21
15
-12
-11
-2
-9
-5
-18
5
6
5
-11
-10
-16
-5
-4
-20
-8
-23
-2
-1
-8
-14
-4
1
-8
15
7
35
-16
-35
-14
-23
-10
-15
-10
-4
-5
-10
-13
0
11
-10
-22
-23
-11
-18
0
-30
-22
-6
-17
-10
-16
-8
-6
-27
11
1
8
-25
-17
-12
0
-3
-14
-17
-22
-3
-14
-13
4
-11
-8
-1
-12
-19
-2
-24
-6
-12
-17
2
8
-6
-12
-5
-1
-3
4
-2
-16
-19
-8
-11
-21
-15
-12
11
-18
-2
-19
-6
-9
-9
9
6
-17
-12
-8
-11
-23
-8
-2
-9
-6
-21
-30
10
-12
1
-3
-4
8
8
-11
-19
2
11
-7
-12
2
-3
-14
-4
-4
14
-10
19
-11
-14
9
-21
-24
-9
-2
-10
-1
-22
-17
-26
-22
-4
-18
-21
-12
8
19
-8
-14
-20
10
-11
0
-11
-13
3
-33
-24
-30
-19
-23
-10
-8
-13
-23
-2
-25
-13
7
-10
-11
-16
7
-2
-17
6
-10
22
-10
-10
-5
-10
-4
-3
-11
-4
-16
-10
-3
-16
-6
-4
-22
-21
-12
-18
-12
-1
-10
10
3
-5
-14
-15
-10
2
9
-9
-31
-6
-16
1
-15
-11
10
-15
7
-7
-16
-10
-26
-6
-23
-14
2
-11
2
-7
-23
-5
-15
-11
8
-12
-22
-8
-5
1
-20
1
4
-6
0
-10
-9
-15
-24
-8
-20
3
-6
-11
-5
-11
-23
5
-5
-8
-29
-13
10
-8
-15
-14
-28
-11
-9
1
-10
-15
2
-8
23
-11
-15
25
14
1
-35
-23
17
-26
-17
-3
9
-24
-45
-14
116
6
-179
-29
383
-575
788
-16
-486
896
-403
602
-557
851
394
648
1098
-713
-388
-334
521
870
1064
-159
-659
-1041
-668
-531
-725
-766
150
-564
1101
535
-213
279
377
-786
892
-101
-439
1008
-469
745
-539
934
461
692
1136
-836
-424
-376
615
871
1090
-284
-732
-1023
-737
-540
-862
-748
158
-666
1336
534
-250
372
369
-936
1025
-164
-425
1183
-497
885
-558
1114
584
772
1259
-1107
-519
-349
777
983
1278
-389
-910
-1103
-897
-569
-1010
-789
137
-726
1440
519
-253
410
358
-1029
1114
-213
-439
1275
-484
963
-536
1208
623
789
1256
-1140
-525
-361
783
968
1259
-426
-958
-1099
-896
-540
-1038
-759
109
-693
1469
470
-234
428
353
-1041
1099
-222
-373
1316
-459
972
-531
1238
648
779
1220
-1167
-543
-358
830
944
1248
-438
-961
-1097
-943
-516
-1071
-738
91
-731
1500
448
-219
431
324
-1082
1106
-262
-358
1322
-442
995
-509
1270
668
773
1230
-1179
-550
-353
865
959
1258
-443
-1010
-1094
-950
-527
-1052
-754
84
-762
1499
466
-250
420
304
-1051
1126
-239
-356
1324
-450
1011
-499
1260
683
762
1207
-1207
-566
-352
847
932
1247
-479
-999
-1113
-919
-542
-1081
-752
83
-736
1533
446
-229
423
309
-1068
1137
-267
-366
1322
-452
1017
-511
1282
674
786
1219
-1234
-550
-327
888
929
1277
-469
-1041
-1092
-953
-492
-1101
-724
61
-754
1531
392
-215
429
273
-1071
1123
-286
-299
1367
-401
1035
-439
1304
714
745
1144
-1270
-581
-307
922
883
1252
-569
-1077
-1035
-959
-456
-1154
-648
40
-756
1536
332
-204
453
228
-1090
1101
-372
-235
1387
-329
1028
-397
1375
763
676
1102
-1300
-562
-324
912
872
1238
-604
-1123
-968
-947
-450
-1196
-588
74
-845
1482
399
373
-64
922
-162
858
1466
1572
-203
1025
-264
-790
537
55
-965
697
-1576
-1045
-1059
-451
-693
1189
-364
201
362
426
1342
1446
-641
731
-975
905
659
-308
333
-864
1089
1732
663
442
191
-800
323
223
-1432
-945
-877
-423
502
-195
917
-872
-306
-106
-1570
-901
-38
-125
458
823
1010
-745
411
-1278
-717
-641
1354
1120
821
1540
327
-697
812
-626
97
807
860
1126
-669
1308
-687
367
986
-231
583
1101
479
1308
-1135
570
-255
311
930
-1212
-763
-825
821
771
1167
-676
25
-441
-445
69
-1680
-1193
27
-441
1040
-348
-657
98
-749
1765
78
1025
-975
458
-1642
659
550
-161
281
-780
-1446
-1278
185
-1054
309
296
-1517
1026
-230
936
1335
1525
-316
1018
-443
-704
649
-61
-967
498
-1627
-1219
-906
-536
-574
1178
-489
273
348
607
1257
1372
-815
626
-1085
979
558
-273
365
-707
1187
1769
509
443
164
-760
423
112
-1447
-1025
-806
-397
550
-117
916
-902
-292
-233
-1556
-907
31
-100
474
915
971
-720
461
-1324
-638
-570
1420
1184
730
1517
242
-653
877
-644
128
850
801
1119
-721
1244
-764
416
975
-187
610
1125
416
1250
-1212
532
-279
375
898
-1261
-687
-779
894
822
1160
-670
53
-470
-428
-24
-1676
-1192
98
-401
1044
-363
-659
40
-740
1761
-53
974
-1040
387
-1675
704
505
-140
295
-867
-1403
-1290
258
-1026
385
225
-1533
1020
-281
1033
1310
1547
-406
1000
-519
-683
696
-128
-958
403
-1648
-1263
-835
-573
-555
1119
-572
276
338
682
1211
1309
-925
551
-1151
1014
497
-256
356
-609
1248
1852
321
460
141
-733
433
-18
-1442
-1071
-763
-343
642
-23
880
-960
-138
-363
-1589
-913
174
-12
418
950
954
-629
425
-1465
-305
-141
559
-511
-500
-1552
-754
-1203
-858
363
-370
493
-82
-389
1088
1336
84
1109
-113
-254
871
-243
-1063
529
-1554
103
19
206
461
976
244
-1799
-729
-882
-1018
2778
-345
266
-113
-830
196
265
333
-42
-939
509
-1674
436
414
-365
575
-1202
-730
-302
869
313
651
-400
-640
986
-439
1897
-617
1464
-174
160
-977
-437
-836
-179
891
-1071
-12
-376
-980
-328
-943
-373
-109
1206
-109
-183
-1819
-619
230
32
1726
185
709
1706
1175
978
-355
-378
13
136
1952
264
500
-94
1303
413
1251
214
-750
-1572
634
-616
926
357
1129
254
1327
1029
-1390
-659
-1163
-349
218
1022
-617
331
-1044
1235
-517
727
780
332
9
627
-1297
-833
-429
-1631
-540
-1355
-620
325
-479
414
-86
-198
1164
1327
-86
1123
-265
-140
898
-316
-983
300
-1621
141
-31
244
401
1015
101
-1912
-490
-1330
-628
11
-130
740
675
276
35
212
-567
1859
169
531
617
345
-9
546
-1196
584
-943
771
-126
-312
50
-1061
-678
-241
-1671
215
-367
-401
1267
-157
772
773
1053
189
515
103
-1457
963
-1265
1007
-68
-282
61
-609
-535
-277
-1241
-331
-569
19
560
-1201
533
-1053
-236
434
-394
-620
636
66
243
583
-284
56
655
-423
12
-1429
317
-485
1467
-193
151
1217
-293
2003
-350
-737
-513
-511
754
-680
716
-527
949
485
306
-1756
-2146
-460
-292
1189
497
-21
-3108
-863
-1198
-461
1006
1676
-2163
527
-1159
13
1128
1404
476
637
725
1142
-123
-680
-469
-1955
191
239
-233
696
945
1571
840
1236
-465
275
454
-57
176
-338
-234
911
608
199
-14
270
-565
1848
-27
606
512
294
-88
407
-1244
407
-1011
729
-217
-296
114
-1153
-561
-437
-1592
150
-392
-102
1320
-657
500
152
96
532
-63
30
-565
982
-201
-570
342
-472
891
1051
267
1375
748
685
936
-716
77
609
248
221
-1331
-1452
-1274
-429
255
-1832
-74
-837
-202
2282
-753
955
-190
895
-726
450
-1988
-889
36
664
224
512
386
-621
1444
-772
635
218
633
1391
277
-312
41
-560
-296
85
-393
-392
366
1375
-451
662
-1067
-2135
-739
-715
562
130
264
-1192
-1101
-1030
789
-423
-42
-419
-1065
-1159
786
-895
-347
1154
-54
1533
1244
-535
338
-1667
-10
-505
-297
106
-460
161
-503
1361
-659
1495
-459
-99
1084
-1019
1335
6
-805
1629
-124
776
-426
107
-1201
1111
508
1244
-996
402
-910
371
742
1802
-1121
561
-1373
-1833
-161
76
258
479
-160
-1
-573
920
-325
-539
437
-416
894
1064
174
1422
617
756
940
-740
134
652
253
107
-1379
-1562
-1094
-406
253
-1764
193
-1195
-504
380
-840
991
-359
-747
-734
-747
695
-5
426
207
-319
2358
318
2381
770
98
-398
-746
-500
996
11
554
-1663
-1613
-579
-1195
18
392
-1567
235
-438
-918
-866
44
-1094
1843
-634
-149
-1741
-1366
-25
235
56
507
-929
-883
1039
-1886
1983
-747
347
477
-260
749
588
1079
-728
-531
-559
-825
95
52
-1448
-203
29
1288
255
1416
-701
-601
-166
-615
-1015
-588
526
-239
778
898
-981
1253
-378
1118
11
252
921
1078
905
1097
112
-1368
-42
190
-447
986
797
-766
493
1006
-1028
388
-2
-825
1232
680
1172
-199
542
-998
556
-1156
-108
-81
-73
1403
566
241
-933
468
-1003
-350
-2
-1546
622
358
622
-310
-1136
-4
-847
1075
-455
-904
-652
-617
715
9
477
223
-360
2355
57
2521
465
30
-417
-793
-419
993
-77
389
-1732
-1684
-349
-1145
163
211
-1591
167
-545
-1332
-728
-935
-317
688
444
575
-612
-40
-645
1009
-323
-841
-810
-1720
-571
996
-146
-1397
1196
-982
1164
1178
-369
-1905
-274
-1382
-241
-882
-192
-726
-732
871
-1152
432
-834
1549
-1804
-32
-523
25
642
2837
-661
171
285
-101
-654
984
-2112
-797
2
-439
92
-459
-588
-386
579
425
-65
606
-1735
117
-728
-597
1494
-494
1391
-1004
-191
-680
-1183
590
544
1221
1800
1237
-540
44
-1058
-117
409
-423
-1
-1045
-173
-167
269
166
-39
191
119
-17
978
347
963
1223
478
531
223
-22
-99
296
49
717
-691
475
-1029
471
92
43
-334
-1173
-207
233
1595
1007
1486
-352
-735
86
-1603
1152
-206
1861
427
617
-114
-1518
-680
-894
-160
777
302
494
-729
-159
-657
971
-508
-973
-689
-1809
-356
910
-287
-1244
1356
-889
1358
1148
-497
-1940
-23
-1372
2
-873
-64
-907
-341
-218
527
472
536
873
-1757
-1219
-73
-486
626
946
-503
779
475
534
-314
-493
-226
367
341
591
-1351
790
-1701
1686
-772
-1416
-178
-1468
-758
-22
-620
-415
-936
772
-2070
-507
261
-1834
847
-1461
-542
-405
451
716
-185
-357
-349
164
837
-233
616
-104
130
1515
-927
-1103
-823
-860
509
1184
231
297
-667
379
-288
-666
-24
-493
-433
320
-351
-989
-427
280
847
1750
1426
555
-1299
124
-1135
563
-156
-543
-1299
-1032
-515
1244
-422
2244
-94
558
1607
398
1048
1707
600
342
1604
-1180
1533
1
-375
-413
-1603
-645
-75
-316
298
-1414
-601
17
1200
1272
1640
407
-988
-165
-633
-338
-142
274
-1079
67
25
-453
-46
-316
547
591
473
649
-1805
-1201
0
-449
705
943
-598
799
412
515
-335
-511
-178
470
293
411
-1359
685
-1740
1603
-970
-1364
-26
-1642
-643
439
-408
27
-128
-1490
-168
-335
676
820
337
-162
-599
-435
-621
-709
-819
45
-184
2035
612
1710
-632
1409
-109
1700
500
553
-375
194
-474
377
-721
-281
-828
-780
-43
-382
177
-320
2
127
1150
385
1693
-632
1053
-79
1959
463
933
-471
-1035
-443
-688
-440
-575
-15
299
803
417
593
-1450
-28
-1072
24
894
532
637
431
-682
542
-351
-140
-1040
-453
-784
437
337
-470
-485
-797
1260
-528
303
458
-3149
1663
-1370
-1157
151
-614
124
656
-654
-1593
-373
364
1202
948
-1323
-772
-810
-57
460
419
-1697
-255
488
-2756
1157
-1386
-649
1944
-606
237
-987
-45
63
99
-71
-1090
-776
-375
336
-371
334
133
359
1303
239
38
-309
-1520
17
-300
621
872
319
-195
-626
-470
-573
-804
-814
3
-198
2069
400
1661
-761
1349
-237
1752
417
525
-490
182
-474
271
-828
-29
-507
-117
-775
-312
-632
-1089
-353
-307
-1047
108
191
-1344
-732
522
-1012
1135
961
-784
-426
-1428
-1019
-674
509
642
197
1446
-288
1347
-827
-15
-55
39
319
599
-421
-462
628
-337
1430
173
797
658
-387
-149
-1401
-1123
-1419
869
231
150
1204
-1242
-986
236
-883
-399
143
-756
-1217
-150
-717
-893
-273
64
245
1451
165
1411
-985
1764
571
937
371
-373
-525
776
-906
848
-1722
-261
-153
-459
-1064
-890
-675
808
1566
1286
-1228
-908
-1851
-223
-469
1350
-958
978
93
-445
1336
-493
609
-851
-958
-1868
361
1046
1338
956
-691
-1541
-784
-89
-339
-845
238
-1247
1198
-260
-121
42
4
1328
1474
37
1344
-159
1239
787
572
-180
-955
-327
-566
-1144
-278
-417
-957
128
110
-1410
-585
432
-1101
1263
759
-849
-376
-1576
-817
-631
542
618
104
1374
-476
1226
-904
34
-51
-166
426
-122
-912
-984
-605
199
268
355
724
-690
-48
308
-609
263
587
-5
-163
405
-1502
430
-794
-786
290
-1406
-334
158
-12
648
836
624
-1704
-509
-1563
-1984
1002
275
443
1014
115
-663
-836
-198
-1470
-13
20
-1039
763
-714
302
753
-329
273
280
-480
-354
630
-734
749
253
-295
-811
-1040
-418
50
-284
1008
-1426
-1066
-600
-1407
-152
124
344
-1185
40
-1262
115
752
814
600
-269
1009
723
719
77
-1664
-1189
-158
-246
1517
-1745
1020
-335
1536
2028
1050
635
2123
290
1734
442
-1086
1531
-237
1067
-1012
-1350
-876
-266
1552
741
356
225
727
403
566
-736
-844
-1719
300
-529
-186
-625
-880
-1561
-904
641
-436
989
-219
-909
-1059
-465
215
234
406
712
-698
42
249
-634
306
588
53
-145
255
-1559
373
-886
-730
339
-1394
-208
116
-57
751
746
351
-1727
86
-1806
751
-805
1388
-516
564
33
255
58
125
-491
-675
-1195
364
-678
300
443
466
-400
-98
-484
-1256
1070
301
709
-177
-466
-1429
-746
-404
82
320
165
288
-313
-857
-885
-1061
-651
508
178
674
-1442
-177
-1135
-345
717
502
-146
317
250
-1078
153
-824
-122
255
271
419
-100
542
998
112
1086
-502
1351
49
1166
-197
168
-639
1190
-5
-934
8
-715
844
1226
1173
-1480
-727
-291
-504
289
1387
-1593
573
669
-1846
676
-2054
-1015
-1175
19
-475
1672
1358
1080
1567
-1293
-64
-1626
-1723
-802
-1702
-1580
738
-1353
413
1439
-338
766
65
-1472
-836
989
1081
720
841
-569
-1232
825
324
-864
275
-1177
461
-461
1074
-1556
612
-1135
1349
-609
606
-116
261
-10
9
-587
-882
-1056
238
-728
364
430
412
-489
-180
-479
-1088
1272
409
668
-210
-448
-1514
-501
-337
126
188
221
118
1043
-655
472
-1040
-264
-302
327
-377
235
784
85
130
-928
-2667
-176
-1119
653
85
-83
-507
-503
985
-524
-559
750
-1676
879
812
-1671
832
-769
-258
2103
-536
-376
-399
-2338
598
385
-148
411
-506
-320
168
-549
-1642
-2036
-1603
-309
705
843
236
-508
-104
-684
-489
-655
-856
-801
686
-1141
337
-706
-153
-609
-203
-2
-1123
1340
-89
397
619
1206
1243
964
1735
-514
128
1163
220
562
-68
-255
-1506
16
-377
-88
1192
-132
727
-2023
-134
-750
462
374
260
-420
-721
1527
633
1213
535
-88
-1214
-817
-701
-671
366
117
766
-1458
1023
138
1504
666
1530
-1314
483
-534
-232
-1623
-125
-1280
-301
420
-282
135
190
1129
-635
470
-1046
-179
-321
312
-365
322
779
39
62
-891
-2693
20
-1008
810
78
-129
-536
-397
955
-651
-480
846
-1591
924
672
-1648
596
-1593
-746
-92
-1591
-511
-293
-1057
1662
216
-283
-921
-634
-297
-79
585
-1292
438
-826
559
485
-274
1107
734
730
-460
645
-2635
251
-469
-264
40
246
-269
-118
122
93
-430
-126
1757
-110
1743
1379
-587
765
62
-201
-399
-945
-1398
-439
-842
120
-508
-1167
331
929
398
823
460
-1824
141
-897
-752
-733
975
208
1955
446
857
-1725
886
-1346
-198
-153
-678
609
279
358
-33
-391
119
158
228
635
-182
-186
-132
-973
-602
916
-1309
23
-1307
-1054
689
2591
857
1083
-1374
-1295
-123
605
1708
-437
526
-741
-359
450
-1
433
-80
-72
-633
-99
-196
768
-182
123
20
-1031
200
-1574
-1460
-303
-1234
1198
-1257
-68
-2185
-838
-117
-1664
-332
-380
-1019
1653
43
-389
-892
-694
-230
-35
596
-1258
612
-733
635
442
-373
1201
612
687
-547
405
-2738
153
-497
-174
98
-191
-375
-933
7
363
-805
442
-102
1092
-701
516
-1252
-1165
917
508
452
655
-292
-16
542
503
498
-447
-190
-320
-437
-228
-1088
-1310
-1444
-483
1098
1006
697
550
-1841
-1349
16
-1000
1268
-17
343
-627
-48
184
-381
485
-830
131
-346
885
104
-443
-1446
-515
-73
1120
1364
644
-276
376
416
-434
27
-1013
-354
-22
70
-560
-819
-32
-553
1030
-2482
-179
-2297
-956
207
-796
-777
-1063
-365
-1558
-1073
208
-1545
1746
1170
-282
734
14
-503
1428
-300
-184
-720
-1229
-289
-808
522
1038
256
1038
52
-760
-282
1004
-1729
1357
43
-1163
1659
-1403
102
-792
648
-783
-76
-534
608
776
2889
817
949
-658
316
-101
187
-501
-301
-989
143
272
-854
430
-147
979
-812
372
-1333
-1025
1013
601
365
568
-426
73
530
528
402
-421
-115
-422
-445
-325
-1014
-1529
-1330
-233
1242
534
297
202
-1552
-578
-591
-1946
-650
-553
105
-444
-937
-454
-1118
697
245
1286
-1330
579
-627
35
851
167
-316
176
80
296
-15
-216
-104
-697
156
-119
-65
-496
-254
-596
-249
178
-86
174
-483
155
9
17
-584
198
-763
1223
1144
1170
-129
3
-16
-497
1310
-252
-73
-1342
287
-1426
638
499
776
-291
1095
83
-99
1441
-862
-702
-770
-678
579
-547
406
-2066
-331
-1298
885
-725
433
1259
-1194
1393
-698
-1684
2064
-315
1410
1447
-1038
942
294
699
-558
-152
-667
533
849
835
-871
1183
-83
749
-339
-2264
-2248
-332
-770
2258
664
-189
86
-1403
-957
-1917
155
-1332
373
-384
-909
-1068
281
880
565
1169
-28
-867
-821
32
-1363
-690
-548
-1953
-335
-601
142
-487
-845
-599
-1124
792
152
1081
-1532
465
-622
131
799
116
-275
199
17
311
23
-248
-121
-622
349
-333
-285
-936
1491
181
1915
1344
-954
251
-117
-800
684
-1088
388
-1347
1190
109
296
1503
-1449
99
49
-620
-335
511
-1930
291
-88
-891
366
-54
-260
1232
-373
656
-315
-794
58
-510
-541
1171
693
350
1065
-690
-494
1317
220
1179
72
-1472
-994
-1620
-236
-1009
-219
-511
-595
1242
199
500
-1010
-1829
-2160
-850
315
-108
-255
-1447
-1808
-1523
-550
-893
-1083
514
197
935
1215
-212
1081
183
1099
53
-1553
-680
-556
132
436
364
-981
-490
-263
-571
-1337
518
-579
750
22
520
-861
506
1033
-367
585
277
309
530
-91
-647
-414
402
1499
234
-392
-1041
-1393
-325
-1214
275
-1548
18
868
-735
1113
-682
1633
164
1361
-411
-754
-802
1638
460
1825
1197
-1060
198
-150
-704
832
-1006
476
-1179
1336
181
241
1271
-1647
98
41
-668
-242
244
-2005
289
-151
-809
495
-52
-291
694
-501
-1344
-1682
-118
-1115
7
876
-1555
-279
617
-1115
613
385
470
-557
816
-1755
-657
-809
-933
502
-1125
1669
-869
200
-1192
-771
-1170
171
-14
-812
-210
-454
497
683
-393
291
-1041
976
-326
863
-1746
-485
-1518
-354
-468
648
1055
683
1553
107
-215
-757
923
-602
-6
1048
-1382
-67
484
-524
284
1924
82
801
7
-447
67
-402
-586
-1462
-1731
42
603
-94
85
-2103
-1438
-552
97
439
-979
-771
-676
-915
1519
15
777
411
-456
244
-573
389
887
203
2389
-977
1224
-1418
-668
-491
-762
70
-249
-557
687
-1528
619
-238
-310
1516
-27
-133
-712
33
506
1712
1604
-106
-1056
26
-218
1598
808
350
-38
-165
-27
-227
-1581
-1464
-151
-1105
104
816
-1602
-56
459
-1210
679
304
361
-628
581
-1823
-825
-689
-846
566
-937
1790
-803
322
-1337
-608
-1091
304
-192
-786
-92
-568
-850
-473
-553
-485
384
302
-34
356
431
1131
-197
-225
186
-900
658
356
-755
-994
287
-286
73
91
-502
-690
1997
267
-394
-649
-1878
-227
620
-329
-336
322
-505
1714
735
-1653
391
-808
-123
707
19
-964
450
840
-30
-148
377
-794
470
576
-735
-917
-691
-748
-327
-404
11
-165
-120
1011
292
-3
1233
-1030
-265
126
-844
1221
201
49
235
-424
846
-210
375
-1637
-1125
-1421
-8
-121
1195
-249
-562
-614
-1608
1216
-911
3115
-1299
1210
-1002
-554
39
-302
128
547
-888
1118
-2935
-213
-2833
140
-447
1184
770
-600
250
-1037
137
912
1410
835
1000
-877
70
-621
259
-187
-1051
-279
-1263
226
878
-625
851
-743
-1021
-458
-540
-409
295
217
3
336
529
1095
-231
-190
104
-893
720
307
-893
-867
259
-298
97
97
-561
-651
2025
101
-460
-593
-1859
-47
525
-670
-68
-1402
-1361
-143
-555
-319
421
-355
-435
-377
-318
-999
77
539
-238
691
-869
91
-40
1176
202
-995
-605
-1161
1126
-286
8
-1875
-2162
-1021
-511
-17
-20
1368
1270
1620
1292
-1238
163
-274
1239
683
-556
-737
-1168
275
-361
488
-1006
-499
395
-2
491
519
81
-222
354
-217
-391
1030
438
702
1641
-156
257
132
-1776
422
49
818
785
1052
-1786
577
-1252
-31
-516
-821
191
-258
938
1961
-631
1207
-119
-228
284
436
-274
-1167
128
-841
895
641
2027
-1456
132
-1903
-404
-569
1350
243
-196
-148
-359
-543
-574
538
-2176
-755
-750
-1105
697
508
52
669
-851
1733
-1100
169
-879
-1297
-884
1107
-555
721
150
-1561
-215
-1366
-1380
-19
-521
-230
340
-452
-444
-322
-406
-978
168
563
-201
693
-874
144
34
1174
152
-946
-761
-1105
1150
-387
-271
-1878
-2171
-714
-989
-190
-1457
-199
-1434
378
-364
486
381
548
-893
-598
-976
-150
-6
895
787
747
2348
-191
394
-270
-1273
1052
620
-249
-1569
-226
-2031
925
621
-734
276
-549
648
-711
-382
421
-863
2446
601
-282
-910
82
-716
824
320
-2161
-678
-1687
-1160
-250
-607
383
529
1047
-213
-139
-798
-377
-494
1001
-259
1373
409
1371
-271
1003
-91
-225
-67
290
-583
849
215
-1088
-453
-1825
-115
281
-297
1152
-1183
-1051
1133
-1300
1527
-315
142
-1416
-222
-314
-530
-35
-660
-1547
-689
-116
1109
600
879
209
-497
69
1050
-358
442
-1145
102
-2110
1368
82
-449
942
-1237
-264
969
229
1674
-373
-369
13
-1082
409
64
-308
-602
335
-1611
-190
-1549
-75
-1381
515
-290
538
442
498
-929
-508
-966
-60
100
900
856
633
2230
-391
384
-324
-1209
1188
624
-324
-1657
-41
-1884
1046
479
-738
508
-680
-77
-381
-327
838
-37
-915
322
-711
969
408
579
-190
-224
496
-1201
-1822
-141
-1302
504
1217
-456
-479
-658
-360
-956
23
-959
-1111
96
-140
57
101
-457
-406
765
195
684
864
-188
484
795
281
-826
-123
-511
-560
2342
308
203
488
-609
-521
-329
-994
-521
-852
1125
-388
-542
-30
-523
230
335
-993
-1655
-1543
-1257
-98
-406
81
1567
-526
1691
-456
-1442
202
-406
1041
1165
1233
79
1170
-781
841
-27
-244
75
-1136
-1540
-47
-498
96
-826
-327
-2222
2435
-36
2004
452
-258
-56
1115
836
272
396
-740
-491
619
-1122
739
-1612
-343
-1455
-256
-209
1509
-49
-461
-538
-2509
-66
-401
-77
712
1288
1056
1494
-203
-227
-590
-96
984
-153
-922
234
-698
991
239
587
-246
-151
488
-1406
-1656
-324
-1293
645
1169
-534
-414
-713
-200
-929
106
-1099
-911
120
-189
85
430
812
-73
762
-902
-621
594
-508
258
442
-859
359
-988
-1291
-552
-547
751
-680
-641
-1556
-402
287
1418
-343
-555
-1767
-210
-246
1795
-141
415
-330
-133
121
239
-1372
535
-415
1441
1450
545
-1095
-260
-449
932
1531
607
-399
176
175
913
892
-278
222
-1256
127
-163
-630
845
-8
-350
-151
-1512
-916
126
-508
459
-337
675
-280
1137
-409
-1180
602
-364
344
1584
-586
232
213
-1155
-207
-1443
-136
212
-837
-109
-1707
-829
-1072
1268
-1394
35
760
-1933
1488
-2365
466
-2639
1057
14
-635
1664
484
1039
1392
658
-537
188
672
-405
914
-1133
209
-177
-1118
814
-1388
-315
1061
-805
-177
359
-1137
843
-163
417
-226
748
944
-131
644
-923
-499
626
-503
304
391
-881
260
-1008
-1304
-436
-512
786
-740
-562
-1630
-293
359
1375
-431
-557
-1783
-91
-146
1810
-108
405
-334
73
714
170
382
-1607
-423
-1070
240
-168
1429
-548
1027
196
-1260
-834
-1901
-1621
68
1101
658
1807
-1607
-99
-1486
360
426
352
-319
-1215
183
-783
567
-783
-232
-1075
972
-474
23
-549
-490
642
1204
1382
-718
623
-2193
524
998
362
2316
380
-434
-193
-1144
-1473
-419
-961
242
-131
1162
-1063
-270
-1135
-825
109
-663
-134
-1005
-104
47
36
200
-993
331
-711
-66
-64
-303
1109
-553
1355
-1632
364
1079
1534
1275
286
-826
-1103
444
1020
-477
433
-320
389
-387
1615
-1037
703
402
486
-1228
402
36
-1
410
-544
-2618
-390
-244
1165
280
1438
-1200
1034
-209
344
-124
-689
404
-943
-136
-588
-11
461
665
434
92
376
653
34
206
-1649
-538
-1064
241
-191
1314
-682
1053
118
-1417
-713
-2069
-1356
203
1121
874
1783
-1575
94
-1399
591
466
268
-437
-1144
-3
-930
771
-260
-984
-201
-1407
-118
-817
-315
-1588
-1116
-199
287
-348
612
-1397
-841
-1
-402
-73
-686
-1020
-306
324
1096
2387
-1058
642
-800
-959
342
1214
-233
348
536
-1526
-786
-133
-63
148
349
-1179
-2445
-1749
-544
30
939
848
-508
-404
-530
885
-254
745
451
-790
440
1165
-48
1353
-92
510
402
1252
496
-922
-140
-2072
-55
-15
-930
622
-494
565
534
-584
-31
-1867
750
-905
589
-41
950
-722
764
-1182
-1184
150
98
275
111
-1141
-833
-602
-216
-1308
366
-1219
2511
879
1895
481
-99
858
-165
435
-313
-1053
80
868
-551
889
232
-643
1179
-105
509
813
1394
865
771
-662
-115
-916
-231
-70
-1212
990
218
1489
873
-958
-206
-1436
8
-818
-261
-1663
-925
-209
305
-313
661
-1399
-733
-8
-400
-91
-638
-1047
-257
403
1085
2269
-1284
595
-821
-967
335
1225
-241
498
-8
87
-929
399
-268
-716
-142
1294
-169
1297
887
-1186
564
208
629
1015
835
-786
-331
-519
803
7
1213
1
579
-520
587
-1532
-274
-356
-366
114
21
-338
-260
1098
-52
660
634
-401
553
-505
724
-584
1130
674
258
-424
99
-1638
441
563
721
-604
837
-2163
-509
-5
-248
42
-14
-566
-890
252
-737
-332
528
113
1751
635
-870
-1019
-1351
-912
903
316
-723
376
182
1155
279
750
-1264
-828
574
-327
586
1467
633
1860
684
172
311
-162
-579
384
-3632
-20
-2150
-217
539
-1510
194
-2337
372
-724
272
416
1089
-70
-573
-1337
-1119
-1218
657
-271
-792
-123
377
1005
360
303
-1778
-1106
778
-185
1442
-232
-483
97
-1007
345
-305
-706
-67
1201
-353
1441
750
-1121
678
297
640
1142
744
-812
-286
-398
835
129
1203
67
543
-513
607
-1507
-127
-481
-401
582
334
643
-349
-417
-1494
-1600
-525
-129
-884
202
-335
-1095
950
0
-237
-926
-621
-1455
-425
-1045
-156
-994
1252
1107
1064
1468
1192
247
996
-383
-524
-255
-425
271
-490
-201
359
-1276
1411
-1871
743
-71
1260
1062
539
885
-542
1220
-299
-123
-732
265
633
320
518
-666
-1129
974
-408
897
-983
-481
-1187
-1541
527
-172
127
1978
-1506
-501
-936
-289
834
1283
171
133
-84
1034
1204
173
1152
-774
1392
345
398
-465
-708
-931
-33
425
-772
1105
697
-329
1272
-429
-2006
432
-253
-884
1695
-1197
-580
156
-371
678
-329
-427
-323
21
1312
459
1204
-1311
1226
-614
609
-884
-272
-1109
782
802
46
-1447
-1557
-1513
-618
1197
794
723
-448
-567
-1475
-1660
-375
-168
-864
154
-361
-985
1061
-27
-282
-980
-543
-1458
-271
-1047
-62
-871
1338
1275
912
1597
1029
365
991
-419
-505
-299
-130
-278
222
1724
214
1169
-1268
-438
-367
341
1525
259
201
-122
-306
-1452
-1249
-248
-534
724
2172
-59
493
1365
-1277
1711
272
158
301
-320
-275
-198
7
25
-150
-112
-69
-1166
784
-2264
-277
-625
-608
-106
2049
-678
957
798
-1732
349
-700
-489
14
-423
1199
-76
875
-501
-1306
-2350
62
-572
506
38
419
-1714
1383
-1144
-240
-1190
-220
262
-248
478
-1319
-759
582
752
1051
-340
331
-781
797
1526
354
1258
-824
-130
-1488
55
-343
856
69
-112
129
-184
1398
432
624
-830
65
-793
277
-353
-1053
-1165
-925
-1931
516
-242
975
1070
302
-686
664
157
1129
-25
-739
-1327
-753
582
-12
738
-870
1467
464
969
798
-486
113
1827
-18
982
-1434
-426
-289
433
1502
317
211
-201
-321
-1529
-1115
-351
-471
1030
2073
-40
509
1320
-1431
1674
86
249
222
-453
-198
262
-312
981
-296
-91
1477
12
790
736
584
549
67
732
-1062
1025
-101
-939
1171
-192
513
1715
-1119
-996
-246
-1971
1248
48
1357
-398
578
-508
115
127
1001
94
437
566
-116
184
1058
1260
795
1863
-456
-1534
-548
-1370
277
1446
650
-218
687
-1703
-177
-826
-183
-512
1053
-208
711
607
1169
-372
827
-1738
-262
36
339
627
-854
-1012
129
-283
223
331
-1903
264
-78
1095
-481
688
-307
622
1701
1381
277
10
-130
-1129
-1648
-239
-1987
-349
344
-785
434
-130
435
434
33
623
118
-770
-718
-974
-2325
68
-613
-1082
774
-395
1826
-46
1152
-1632
-203
-653
678
-1067
-900
-1027
-716
1010
280
-484
-755
-970
433
875
-565
901
-617
124
1508
56
802
793
468
564
-17
611
-1157
995
-241
-786
1262
-93
524
1564
-1364
-999
-129
-1766
1463
230
1391
-332
547
-480
245
112
439
-94
23
-70
129
-124
87
-82
155
-89
115
-49
90
-90
54
-97
121
-107
85
-120
86
-97
97
-62
101
-116
100
-81
103
-89
110
-82
116
-110
120
-73
94
-66
66
-84
112
-82
120
-73
105
-89
110
-77
84
-61
92
-101
110
-92
101
-73
135
-69
126
-80
103
-73
97
-45
104
-72
116
-76
128
-73
103
-84
101
-67
115
-82
115
-83
119
-77
88
-84
101
-97
90
-66
111
-94
100
-79
115
-97
123
-88
120
-76
99
-65
92
-86
118
-90
127
-72
108
-66
89
-52
94
-74
132
-83
121
-76
108
-75
112
-89
122
-64
121
-75
100
-64
121
-87
110
-83
111
-75
135
-65
113
-72
116
-61
118
-73
106
-95
106
-80
100
-71
115
-55
139
-55
132
-72
132
-70
127
-65
118
-69
116
-62
112
-70
115
-67
127
-60
103
-79
96
-88
103
-50
87
-68
137
-49
114
-65
103
-56
108
-46
112
-64
134
-69
120
-62
110
-63
105
-68
128
-65
124
-56
126
-52
124
-57
117
-48
124
-56
127
-60
124
-78
110
-68
111
-43
118
-57
97
-60
119
-59
114
-50
117
-46
123
-64
128
-58
137
-70
98
-68
122
-68
137
-61
135
-46
125
-67
125
-33
123
-37
141
-41
131
-55
126
-44
133
-52
114
-66
124
-45
118
-53
113
-40
119
-61
103
-34
112
-8
27
-13
-44
-19
3
-2
-13
-19
-22
-42
-18
-4
-4
10
-21
8
-5
2
-1
-31
-10
-29
-8
-26
-26
-7
1
-18
-15
-18
-26
8
15
-1
-7
8
-2
-3
-15
-6
-18
-14
-4
-26
-12
-12
-7
-18
-13
5
-10
-14
-2
-21
-15
-2
-23
3
11
-9
-9
2
5
3
12
-18
-9
-1
-20
-11
-18
-17
11
4
-4
0
-10
1
-15
10
-29
-6
-20
-2
-12
-26
-17
-3
-13
-6
-23
-3
-18
-2
12
-10
-12
-4
0
-7
5
-16
8
1
0
5
-20
-3
-10
-15
-3
-6
1
3
-8
8
-8
6
-21
-16
-9
2
-18
-11
-19
-14
-27
-22
-7
-31
-1
0
-20
-11
-17
6
12
14
-3
-3
-7
-17
-8
-9
-1
-17
0
-7
0
-8
-11
-11
-14
-9
-2
5
2
13
5
-11
-15
1
-12
-16
-5
-11
-1
-33
4
-25
2
-4
-23
-3
1
-31
-19
-14
-11
-8
7
-13
-10
-5
-10
-10
3
6
-3
30
-5
-14
18
-11
6
-19
0
-17
4
-20
12
-7
5
6
-29
-10
2
-3
-1
-7
2
3
-27
-28
3
-23
4
-6
-17
1
-14
1
1
3
-1
-13
-13
-30
10
-5
-12
-6
-10
-13
-9
4
6
5
-14
2
-6
-9
-7
-19
-5
-10
-8
13
0
-2
-23
-3
-21
7
-3
-4
-16
-6
-10
-13
5
-5
8
-6
-5
2
-2
-19
-4
-20
-6
-6
-4
-30
-10
6
-29
6
10
-8
-11
-6
-19
-17
-25
-9
2
-26
-6
-14
-6
8
2
1
7
7
-13
-14
-4
14
8
-6
-7
-22
5
-19
4
-11
-7
-25
-15
-8
2
-6
-41
-14
0
-10
-12
-28
-19
-22
-17
-9
-26
-21
-18
-13
-2
-12
-14
-7
-9
-10
12
-1
2
-2
-17
-14
-8
-9
-15
-9
-13
8
-9
-12
-2
6
2
-14
-5
6
10
-12
2
-11
-15
-24
0
-9
-20
-11
-7
9
-10
-7
-14
-6
-5
17
-1
-9
-12
-10
7
-10
-2
-5
-26
-6
-27
-4
-20
-17
-5
-11
-3
-9
-4
18
-8
1
-12
8
-22
16
19
-3
-9
11
-19
19
11
-5
-16
-16
-25
-13
-8
-9
-9
-19
-10
-5
-18
-1
-7
-10
-17
-19
1
-22
-10
-17
11
-15
-4
-7
-16
-17
-3
-10
-4
-19
11
-9
17
-4
2
-10
-7
9
-20
-15
-12
-1
-1
-8
-19
-22
-4
-12
0
-17
-14
-25
2
-22
-11
1
-25
-3
-10
9
-26
-8
-16
-6
8
-21
13
-29
-23
9
-14
2
-6
-4
-4
-15
6
-28
-2
-5
3
-10
-6
-13
3
-12
-11
-17
0
7
-22
3
15
-19
0
-30
-8
9
-2
-17
-6
-20
5
1
1
-6
-8
4
-27
-10
-2
2
-11
-16
-4
-13
-15
-4
-12
-6
1
-1
0
-7
-9
-3
4
-10
-7
-26
-21
-3
-8
2
-4
12
-32
-18
-7
-19
-18
-1
-3
-5
-8
-26
-24
-24
-3
-14
3
-14
-1
7
-5
-1
3
-12
-20
1
-15
-6
-20
-19
-28
-6
-9
-27
-4
-8
-3
8
-12
8
-5
-12
-1
-2
12
-2
3
-34
-13
-17
-5
-2
-21
-7
24
-4
-9
-22
-13
-10
-3
-18
0
-6
-3
-25
-2
-9
-9
3
-24
-2
2
-13
-12
-12
-18
-12
-10
-3
-15
-28
-10
-14
-22
-4
-18
-26
-18
-31
-19
-9
4
1
-13
-24
-23
-9
-7
1
-7
0
-2
-18
-26
11
-2
-12
2
-23
-22
-30
-12
-16
-4
-16
-11
-4
12
-15
19
-9
12
-8
8
-8
11
-2
-22
-19
-24
-36
-19
-11
-9
3
8
-18
-27
-15
-10
9
8
-10
-17
-13
-14
-21
-2
0
-5
9
-5
-8
-9
-22
17
-17
-14
19
4
1
-8
-2
-3
-6
-31
1
2
-8
-1
-10
-4
0
-29
-11
1
-5
14
3
-4
-2
-3
-5
-13
-5
5
-17
-32
-20
-7
-5
-17
-14
9
-2
-22
-5
-33
4
0
-3
-14
-14
-11
-4
-1
-18
-6
-17
-16
-5
-13
-43
0
-28
-23
7
-8
-18
3
-20
-7
-1
-2
1
-13
-15
-4
-11
13
-15
-31
-18
-25
-15
2
-19
-8
-4
-13
12
-26
-12
-16
11
-19
-5
-33
-5
-16
-8
-10
-9
-6
-14
6
-13
-3
13
-12
-1
-3
6
-14
-1
-4
-11
-8
-5
-8
-3
-7
-3
-7
-22
-19
-18
4
-10
-23
-23
-18
-2
1
-4
-7
-11
-18
-4
-29
-6
-12
-4
-5
3
-17
-13
-3
-27
4
1
-13
-8
-7
-19
-3
2
0
-2
-16
-2
-13
-5
-17
-9
-12
-6
4
-8
7
-22
-11
-6
-19
-15
-11
-4
-9
-9
17
-25
-1
7
-17
10
-15
-3
-7
-7
-9
-14
-11
6
-3
-5
-16
-4
2
-6
0
-8
-13
-22
-15
-7
-25
10
0
-11
-14
-12
-10
-13
6
-13
-9
-17
-2
-19
4
2
0
-1
-27
-11
-16
-16
-15
-26
-28
-17
-11
-26
1
3
-8
-17
-5
-10
-25
-19
-4
-17
-17
-6
-6
-9
-18
2
0
-12
7
-7
-1
-10
-4
5
6
-6
-13
-16
-25
-4
-3
-6
-13
2
-7
-13
-18
-8
-17
-9
-10
-2
-3
-7
-23
3
-2
-24
-16
-11
2
-2
-13
-21
-15
-8
-16
-15
-6
-5
-1
-9
2
-8
-14
-9
-3
0
-15
-13
-4
-2
-15
-6
-34
-27
6
-17
-16
-12
9
-3
23
2
10
10
-2
-7
-6
-11
22
5
4
2
-1
3
-9
-3
-14
-22
-7
0
-16
-3
-2
-4
-5
-5
-9
-21
-26
-14
-18
-27
-17
-7
15
1
15
-4
-11
-33
-14
2
-21
-13
19
1
-12
-11
-12
-7
-1
-13
-15
-1
-22
-19
-19
-11
-4
-7
-27
-33
-6
0
-6
-16
-4
-10
-10
8
-5
-9
-13
-30
-9
-17
-18
-26
-5
6
-9
-4
-4
-19
-7
-5
-15
0
3
-22
5
-7
0
-29
-20
-8
-14
-11
-18
-5
-19
16
-10
-14
1
-10
-6
-22
9
6
0
-1
-20
-20
-23
3
0
0
-14
10
-5
4
-6
2
-18
-23
11
-25
0
-25
-8
-7
-8
-13
-14
-20
-3
5
-16
-4
-23
-8
0
4
-5
-3
-15
-18
-9
-7
11
3
-10
1
-30
-16
-14
-3
-14
-8
-15
0
4
-11
-13
-9
-27
-22
-8
-23
-9
-7
-14
-27
-16
5
3
-4
-1
-20
-5
-36
-21
-17
-22
-13
-13
2
-13
-8
3
-18
11
-7
14
-12
5
2
2
-3
1
1
-17
-8
-24
-16
-17
-28
-17
-5
14
3
3
-14
-5
-16
-2
-1
-13
-11
-12
10
-8
-10
-2
0
1
11
6
-10
-14
-10
-12
6
-16
-3
15
3
3
-2
-8
-8
8
-18
-10
-20
0
-1
-9
-31
-9
-16
5
-10
-2
-10
-18
-4
-21
-2
-9
-20
-24
-7
-22
5
-5
-15
-33
-3
-5
-1
13
4
-23
-11
1
-15
-4
-19
-13
-21
-14
-14
-6
-26
-13
-16
-13
2
-3
0
-19
-2
-22
-3
6
6
-2
0
-1
-12
-10
10
-7
-6
-12
0
4
21
5
-6
-26
-11
-21
-5
-23
1
-8
-16
-7
-13
-9
-8
-6
-15
-14
0
-23
-18
2
-17
9
-1
-4
-3
-15
-20
-7
10
-16
-7
5
-10
-22
0
-8
-30
-7
-39
-2
-28
-8
6
-5
3
1
-15
-4
-8
-14
1
-30
-4
-2
-10
-7
-28
-1
-22
-9
3
-15
0
-13
-5
-4
1
-7
-9
2
-10
12
-8
-4
-13
-9
-11
-2
-12
-8
-8
7
-23
3
-3
-15
-10
-25
-14
0
-3
6
5
-3
7
-10
-11
-12
-10
-17
-3
-34
-3
14
-6
-13
-15
2
7
7
11
-20
-6
-7
-2
11
-4
-6
-16
-27
-21
-9
-8
-5
3
-12
-3
-12
-23
-8
-3
-31
-13
-10
16
-5
2
-17
2
-29
16
-21
-27
11
-3
3
9
-11
-6
-12
-18
-6
-6
-19
-17
-17
-4
3
-13
1
-4
-6
8
-11
5
-16
-14
4
-11
6
-2
-15
-16
6
14
-6
-2
0
-21
5
-14
5
-15
5
-23
-15
2
-21
0
12
2
-16
-16
-14
-14
-19
-20
-12
-2
18
-6
-12
-9
-25
-4
-4
-15
-5
10
-27
13
-10
-16
-6
-7
-6
-4
15
-5
-1
-5
-4
0
7
-11
-10
-5
5
-19
5
-17
-19
0
-9
2
-8
-1
3
-19
6
-3
-23
-6
3
-17
-8
-17
-12
3
-9
-2
-3
-10
-1
-6
-3
5
-6
-13
-8
-19
-2
-9
-18
1
-19
-23
-7
-10
-8
-29
-8
-1
13
-3
-5
-22
-7
-1
3
-4
0
-3
-17
4
-15
6
0
-18
-31
-11
-1
-14
4
11
-5
12
-12
-9
-10
-12
-6
-4
-10
-14
-21
-7
-19
-5
-30
-18
-20
2
-14
-14
-13
-1
-7
3
0
-7
-4
-10
-14
-4
-6
-9
-28
-12
-11
13
-7
3
-3
-9
5
-24
-4
-11
18
-23
-4
-5
-16
-5
6
-30
-15
-14
-15
-5
1
-14
2
-13
-11
1
-5
-22
-4
-15
-9
-7
-11
3
-3
17
-17
-14
-14
-11
3
-1
-14
-5
-10
-13
-3
-27
-6
-3
5
3
-27
-15
-29
4
-8
-24
-2
-13
1
-9
-2
-6
2
3
10
-8
-15
3
-20
-8
-10
-23
-2
-17
-17
-13
-9
-5
-9
-11
3
-10
-14
-13
-4
-17
-13
-29
-25
-33
-4
1
-7
-22
11
-13
0
5
-10
-2
-6
-3
-18
-3
-32
-7
-2
-9
-12
-13
-14
-4
-3
-3
-11
21
-8
-24
-13
-30
-21
-11
-2
1
-15
-2
-10
-8
-19
-23
-19
-20
-6
1
-11
-21
-13
-10
3
9
5
-10
-11
-7
-9
12
-21
-2
-11
-17
18
-17
26
3
-28
-20
-14
2
-2
12
-31
3
-27
-3
-2
-6
-13
-30
-14
-2
-6
1
9
-5
4
-11
-20
-15
-10
-6
-18
3
-21
-1
5
-32
3
-12
1
-5
7
-2
18
-20
1
-10
-14
9
-14
-3
-3
3
0
0
2
-16
-14
-11
-33
7
-12
-12
1
3
-9
-5
-26
-30
-4
-7
7
-5
-2
-13
-23
-24
11
-20
-8
-12
-20
6
-7
-9
4
1
8
-6
-14
-15
-13
-17
-2
-1
1
17
-1
-2
-7
11
-17
-14
-4
-15
11
-10
0
-21
-22
-14
8
4
-25
-13
-21
-20
-3
-3
-2
3
9
-1
-19
-15
-17
2
-8
-26
-17
-9
-10
-22
-26
-8
2
1
-8
-12
10
-5
7
-24
-17
-19
9
2
-10
-7
-13
-21
-8
11
-2
-13
-3
-14
-3
-11
-6
-8
4
-4
12
4
-15
2
-18
-11
5
-15
-19
-9
-11
-22
-12
-13
-6
-1
-13
9
4
-5
3
8
-18
6
5
3
-2
15
-12
-4
-5
-17
-9
-12
-8
-12
-3
9
-18
-19
9
-26
-13
-9
-18
-26
3
14
-9
-3
0
7
-8
11
-3
-10
-8
-18
-10
-15
-9
-9
-2
-12
-16
-9
-21
-21
5
-11
-13
-11
-40
-7
-11
4
-13
4
-12
-12
-15
-33
-9
1
-19
10
-3
-7
8
-24
-17
-16
-4
-13
-9
20
-3
-6
5
-7
-21
-21
-9
-6
14
2
-16
-14
5
-18
-25
-7
-17
-7
6
-18
7
2
-3
-9
-14
5
-12
14
-2
-13
6
2
5
-2
-11
-36
-21
-3
-13
-14
-21
-8
-7
-12
-2
6
-7
-3
-15
-32
2
-1
-1
-9
-13
-16
2
-1
-2
-14
1
-12
5
-16
-22
2
-16
-5
-19
-11
-5
7
-11
-17
-20
5
3
-15
2
-28
-4
-4
12
-24
-8
5
-20
5
15
-15
-8
-15
-18
10
-7
2
-3
-10
-11
-12
-13
-7
-26
4
-11
-11
-17
0
-37
-18
0
-17
-8
-35
-22
-1
-8
-17
-13
-4
-24
8
-19
-25
-4
-2
-12
-3
-5
-17
-11
-25
-13
14
-4
-12
-7
-21
-2
9
-9
-11
-13
-9
-13
-5
-11
-14
-18
-7
0
0
-14
0
-5
-18
15
-22
-12
-5
5
5
-10
-25
-10
-10
-13
-21
-20
-18
12
-8
10
-9
-32
-6
-8
-6
-9
-14
-18
-9
2
9
-16
6
3
-7
-5
-7
-24
-25
-18
-5
-12
1
-26
-10
-9
-11
8
-8
-14
-18
-34
-19
-18
-6
-22
-28
-21
2
-13
-12
-3
-7
-13
-2
-16
-7
-5
-17
9
-9
-4
-20
-23
-24
-14
-5
-11
-27
-1
-17
-15
-29
-11
-23
-19
-6
8
-10
7
-14
3
-10
1
-2
16
-28
-1
-4
-22
-7
-21
-1
-18
3
-1
-15
-21
-10
-13
-19
-3
-9
4
9
-9
-9
-4
-11
3
-20
-10
-13
-8
2
-4
-17
-6
3
0
-11
2
-4
-13
-8
-22
-18
-12
-25
-3
-8
9
-1
-5
-8
4
2
-20
-12
-8
7
-9
-1
-11
7
-2
-3
-2
-19
0
-31
-15
-7
-7
-7
-17
-10
-3
-12
-26
-19
-17
-3
9
9
6
-8
-11
-13
-2
-10
-25
-7
-19
2
-8
15
-8
-3
-8
0
-15
-13
-30
4
-23
1
7
-1
-1
-15
-15
-7
-6
-8
-12
-17
-19
5
-6
-22
-9
-6
0
-3
10
-16
-10
2
-24
9
-2
-3
-10
8
-21
-17
-14
-16
-15
-15
-24
2
2
-20
7
-19
-4
8
-13
-19
-2
-13
-15
2
0
-1
6
-4
-11
-1
-4
-15
-7
-5
-1
-7
9
-27
-8
-12
15
-4
-5
-24
-5
-18
-10
-15
-22
-18
2
-12
-5
-9
-5
-10
-25
3
-17
17
-24
-6
-25
3
-1
-6
2
-9
0
-9
-3
0
-8
-9
-3
-3
-18
-13
18
13
-6
-11
-16
-18
-20
3
-14
-28
2
-22
13
-9
-8
6
-12
-5
-13
-2
-12
-24
2
1
-1
-1
0
-6
-25
-8
-14
-11
-3
-25
5
-4
-11
-7
-25
4
-33
-3
-12
-24
2
-2
-7
-8
3
7
-1
-6
-23
-24
-9
-10
-25
-13
6
-18
-25
10
-3
-10
-9
-2
-21
-10
0
-21
-3
-24
12
4
-6
-19
2
-12
-15
8
-17
2
-14
-22
-17
-23
-8
-13
-20
-13
-4
-3
-1
-17
-13
-5
-21
-4
1
-6
3
-5
-32
-8
5
-19
4
-13
8
11
-1
8
3
-21
-25
-1
-8
-13
-1
-33
-22
-19
-9
-5
-2
-14
-23
-7
-12
2
12
8
-5
-15
-11
-19
-7
-7
-6
13
-7
9
-16
-15
-13
-10
0
-4
-30
9
10
-11
3
-7
-17
13
-17
-9
0
-10
-15
-17
-16
-9
2
0
-4
-6
-8
4
-16
-7
-19
-5
-16
-10
0
-19
-8
10
-8
-13
1
-6
-21
5
-20
-13
-11
-15
-6
4
4
-24
-6
-23
-2
2
2
-8
1
-12
-17
3
-5
-13
15
-6
-8
-18
-10
2
11
10
-10
-24
-21
-8
-7
-13
-17
-6
-20
-13
4
-11
-18
-8
-12
-26
3
-10
-6
-1
9
-22
3
-6
-3
-28
3
-20
-28
-13
-18
-15
-18
-3
6
4
-4
-21
10
-17
5
-10
-24
-13
7
-8
-9
-29
-15
-20
-4
7
-5
-6
-8
-24
-17
5
-22
4
-10
1
2
-7
-17
-12
-16
-23
-10
-12
-6
20
0
-18
2
-5
5
-5
-9
-22
-12
-13
-12
-12
-8
-10
-16
-9
9
-4
-6
-13
-19
9
-15
-2
2
-16
-6
-11
-26
-7
2
4
-29
2
-9
-12
4
2
-14
5
1
-3
5
-20
2
-11
-11
-13
-22
-16
-8
8
-23
-19
-20
-12
-1
-9
-9
-1
5
0
0
-17
-11
-14
-12
-4
-12
-16
1
-4
14
-13
6
4
-21
-9
-37
-9
-3
8
2
-8
-3
3
-16
-3
-3
-2
-5
-13
-7
-29
10
-17
-3
-5
-5
-10
-11
-3
-21
-1
-8
-3
-17
21
-13
5
-9
-9
-13
-4
-8
-14
-5
-6
-6
-23
4
-2
-2
-19
-8
-3
-7
16
-24
16
-21
-8
6
-8
-17
6
-4
11
-12
-3
-6
-9
-9
-20
9
-5
5
30
-25
4
-11
-10
-19
-12
7
-13
4
-3
-12
3
-32
-11
-2
6
1
13
4
-8
-19
5
1
-4
0
-9
-17
-8
-19
13
1
-2
-32
10
-4
3
-11
-19
-5
-9
10
7
-11
-16
-8
-12
-5
5
-11
-10
-12
-8
-10
-22
13
-9
10
-22
-12
-3
14
-13
-20
-15
-9
12
-25
-21
4
4
0
-7
-15
-8
-12
5
-13
-1
-25
-2
-13
-19
1
-9
6
-9
0
-16
-12
-10
-7
1
-19
-14
-12
-20
-9
-5
-4
-12
-3
-12
7
1
-14
-4
-9
-12
-32
0
-27
6
-2
1
1
-2
-3
-11
-1
-12
-8
-7
-11
-4
-12
-8
-20
-3
-30
-11
-3
-13
3
-23
-12
-20
-12
-11
-3
-2
-10
-4
-7
-10
13
-11
-14
-14
18
-4
-19
-20
-8
-4
-13
5
-24
-12
-3
-4
-6
-2
-1
-3
-13
-2
-24
-15
-28
-9
-10
-5
3
-1
-13
1
-6
-22
-10
2
-14
-13
-1
-9
3
-2
-8
-18
-5
-12
-8
-7
-21
-20
-12
-6
-16
14
14
10
-21
-7
-10
-8
-11
-16
-13
-11
-4
-3
1
-1
10
0
0
-28
12
-5
4
-5
-24
0
-31
11
1
-1
-8
-21
-10
0
4
-6
-17
-7
-6
16
-7
-9
0
-17
5
-3
-9
-21
-12
-19
-7
-27
10
-24
5
-1
22
-26
-19
-17
-7
-12
-17
1
0
-6
-10
-8
1
-6
-8
7
-27
2
-5
-13
-11
-25
-11
-15
-11
-17
5
-10
-18
-3
-18
-29
-3
-2
-8
-3
14
-8
-7
3
-25
-21
-5
-4
-19
-10
3
-9
-15
-3
-14
-15
-7
-5
4
-11
-14
16
0
27
1
-3
-24
7
-12
15
10
0
-22
-13
-18
6
9
-8
4
-5
-14
8
-6
-8
-14
9
-3
-17
-2
-10
1
20
5
-5
20
-16
12
-19
-1
-29
-3
-3
-26
-11
-1
-13
-20
3
-5
-2
-8
-16
-16
-9
-1
2
-18
9
1
-10
6
-10
-5
-18
7
-6
-18
-26
2
4
-5
-1
-8
-25
-9
-16
2
-18
9
-27
6
-14
1
0
1
-10
10
0
10
-8
-8
-18
-10
-7
5
6
-15
-9
-18
-2
-5
-5
1
-1
-21
3
1
-13
-9
-5
-10
-15
10
-11
4
16
-11
-18
-4
-10
-3
1
-6
-43
12
-22
-24
7
-13
-14
-28
-1
-18
-1
-2
-7
-32
-25
0
-13
-15
2
-6
-3
-6
-14
-14
-7
2
-15
-1
-18
-6
-17
-13
4
-16
0
-4
-13
-10
-19
-15
-16
-1
6
-22
-15
-4
-14
-3
-3
-13
-13
-26
-19
-32
-20
-12
-13
-12
-8
-14
-10
1
-6
-8
-21
-4
-19
-9
18
-7
-1
-15
-13
-12
-11
-20
-37
-9
-4
10
-16
-9
-6
-10
-6
-14
-23
-4
-28
-15
9
1
-14
-24
-9
-8
1
-22
6
-19
0
-12
-11
-2
-6
4
-2
-15
-17
-15
-9
-12
4
-16
-16
-12
1
-7
2
-3
-5
-12
-8
-13
6
-8
-19
-10
-31
-10
13
0
-1
-16
-24
-15
-2
5
-4
-6
0
-9
5
6
-14
20
-12
-1
-5
-3
-5
-17
-9
-4
-27
-2
-3
3
1
-6
-14
-3
0
-8
13
11
-13
-5
-6
-3
-3
-13
1
3
-4
-2
-12
-17
-1
-7
-15
-5
-17
-11
1
-16
-8
4
-15
-5
0
8
2
-2
-9
1
-8
-1
-11
-6
-10
-2
-1
-7
-10
-19
-3
1
-14
3
-20
7
-5
-12
-9
2
-7
-6
-3
-22
-5
-12
-6
-8
1
-14
2
-13
2
-4
-15
-10
-12
-6
-5
-14
-5
-13
1
-16
