0
0
0
0
0
0
0
0
0
0
0
0
0
0
0
0
0
0
0
0
0
0
0
0
0
0
0
0
0
0
0
0
0
0
0
0
0
0
0
0
0
0
0
0
0
0
0
0
0
0
0
0
0
0
0
0
0
0
0
0
0
0
0
0
0
0
0
0
0
0
0
0
0
0
0
0
0
0
0
0
0
0
0
0
0
0
0
0
0
0
0
0
0
0
0
0
0
0
0
0
0
0
0
0
0
0
0
0
0
0
0
0
0
0
0
0
0
0
0
0
0
0
0
0
0
0
0
0
0
0
0
0
0
0
0
0
0
0
0
0
0
0
0
0
0
0
0
0
0
0
0
0
0
0
0
0
0
0
0
0
0
0
0
0
0
0
0
0
0
0
0
0
0
0
0
0
0
0
0
0
0
0
0
0
0
0
0
0
0
0
0
0
0
0
0
0
0
0
0
0
0
0
0
0
0
0
0
0
0
0
0
0
0
0
0
0
0
0
0
0
0
0
0
0
0
0
0
0
0
0
0
0
0
0
0
0
0
0
0
0
0
0
0
0
0
0
0
0
0
0
0
0
0
0
0
0
0
0
0
0
0
0
0
0
0
0
0
0
0
0
0
0
0
0
0
0
0
0
0
0
0
0
0
0
0
0
0
0
0
0
0
0
0
0
0
0
0
0
0
0
0
0
0
0
0
0
0
0
0
0
0
0
0
0
0
0
0
0
0
0
0
0
0
0
0
0
0
0
0
0
0
0
0
0
0
0
0
0
0
0
0
0
0
0
0
0
0
0
0
0
0
0
0
0
0
0
0
0
0
0
0
0
0
0
0
0
0
0
0
0
0
0
0
0
0
0
0
0
0
0
0
0
0
0
0
0
0
0
0
0
0
0
0
0
0
0
0
0
0
0
0
0
0
0
0
0
0
0
0
0
0
0
0
0
0
0
0
0
0
0
0
0
0
0
0
0
0
0
0
0
0
0
0
0
0
0
0
0
0
0
0
0
0
0
0
0
0
0
0
0
0
0
0
0
0
0
0
0
0
0
0
0
0
0
0
0
0
0
0
0
0
0
0
0
0
0
0
0
0
0
0
0
0
0
0
0
0
0
0
0
0
0
0
0
0
0
0
0
0
0
0
0
0
0
0
0
0
0
0
0
0
0
0
0
0
0
0
0
0
0
0
0
0
0
0
0
0
0
0
0
0
0
0
0
0
0
0
0
0
0
0
0
0
0
0
0
0
0
0
0
0
0
0
0
0
0
0
0
0
0
0
0
0
0
0
0
0
0
0
0
0
0
0
0
0
0
0
0
0
0
0
0
0
0
0
0
0
0
0
0
0
0
0
0
0
0
0
0
0
0
0
0
0
0
0
0
0
0
0
0
0
0
0
0
0
0
0
0
0
0
0
0
0
0
0
0
0
0
0
0
0
0
0
0
0
0
0
0
0
0
0
0
0
0
0
0
0
0
0
0
0
0
0
0
0
0
0
0
0
0
0
0
0
0
0
0
0
0
0
0
0
0
0
0
0
0
0
0
0
0
0
0
0
0
0
0
0
0
0
0
0
0
0
0
0
0
0
0
0
0
0
0
0
0
0
0
0
0
0
0
0
0
0
0
0
0
0
0
0
0
0
0
0
0
0
0
0
0
0
0
0
0
0
0
0
0
0
0
0
0
0
0
0
0
0
0
0
0
0
0
0
0
0
0
0
0
0
0
0
0
0
0
0
0
0
0
0
0
0
0
0
0
0
0
0
0
0
0
0
0
0
0
0
0
0
0
0
0
0
0
0
0
0
0
0
0
0
0
0
0
0
0
0
0
0
0
0
0
0
0
0
0
0
0
0
0
0
0
0
0
0
0
0
0
0
0
0
0
0
0
0
0
0
0
0
0
0
0
0
0
0
0
0
0
0
0
0
0
0
0
0
0
0
0
0
0
0
0
0
0
0
0
0
0
0
0
0
0
0
0
0
0
0
0
0
0
0
0
0
0
0
0
0
0
0
0
0
0
0
0
0
0
0
0
0
0
0
0
0
0
0
0
0
0
0
0
0
0
0
0
0
0
0
0
0
0
0
0
0
0
0
0
0
0
0
0
0
0
0
0
0
0
0
0
0
0
0
0
0
0
0
0
0
0
0
0
0
0
0
0
0
0
0
0
0
0
0
0
0
0
0
0
0
0
0
0
0
0
0
0
0
0
0
0
0
0
0
0
0
0
0
0
0
0
0
0
0
0
0
0
0
0
0
0
0
0
0
0
0
0
0
0
0
0
0
0
0
0
0
0
0
0
0
0
0
0
0
0
0
0
0
0
0
0
0
0
0
0
0
0
0
0
0
0
0
0
0
0
0
0
0
0
0
0
0
0
0
0
0
0
0
0
0
0
0
0
0
0
0
0
0
0
0
0
0
0
0
0
0
0
0
0
0
0
0
0
0
0
0
0
0
0
0
0
0
0
0
0
0
0
0
0
0
0
0
0
0
0
0
0
0
0
0
0
0
0
0
0
0
0
0
0
0
0
0
0
0
0
0
0
0
0
0
0
0
0
0
0
0
0
0
0
0
0
0
0
0
0
0
0
0
0
0
0
0
0
0
0
0
0
0
0
0
0
0
0
0
0
0
0
0
0
0
0
0
0
0
0
0
0
0
0
0
0
0
0
0
0
0
0
0
0
0
0
0
0
0
0
0
0
0
0
0
0
0
0
0
0
0
0
0
0
0
0
0
0
0
0
0
0
0
0
0
0
0
0
0
0
0
0
0
0
0
0
0
0
0
0
0
0
0
0
0
0
0
0
0
0
0
0
0
0
0
0
0
0
0
0
0
0
0
0
0
0
0
0
0
0
0
0
0
0
0
0
0
0
0
0
0
0
0
0
0
0
0
0
0
0
0
0
0
0
0
0
0
0
0
0
0
0
0
0
0
0
0
0
0
0
0
0
0
0
0
0
0
0
0
0
0
0
0
0
0
0
0
0
0
0
0
0
0
0
0
0
0
0
0
0
0
0
0
0
0
0
0
0
0
0
0
0
0
0
0
0
0
0
0
0
0
0
0
0
0
0
0
0
0
0
0
0
0
0
0
0
0
0
0
0
0
0
0
0
0
0
0
0
0
0
0
0
0
0
0
0
0
0
0
0
0
0
0
0
0
0
0
0
0
0
0
0
0
0
0
0
0
0
0
0
0
0
0
0
0
0
0
0
0
0
0
0
0
0
0
0
0
0
0
0
0
0
0
0
0
0
0
0
0
0
0
0
0
0
0
0
0
0
0
0
0
0
0
0
0
0
0
0
0
0
0
0
0
0
0
0
0
0
0
0
0
0
0
0
0
0
0
0
0
0
0
0
0
0
0
0
0
0
0
0
0
0
0
0
0
0
0
0
0
0
0
0
0
0
0
0
0
0
0
0
0
0
0
0
0
0
0
0
0
0
0
0
0
0
0
0
0
0
0
0
0
0
0
0
0
0
0
0
0
0
0
0
0
0
0
0
0
0
0
0
0
0
0
0
0
0
0
0
0
0
0
0
0
0
0
0
0
0
0
0
0
0
0
0
0
0
0
0
0
0
0
0
0
0
0
0
0
0
0
0
0
0
0
0
0
0
0
0
0
0
0
0
0
0
0
0
0
0
0
0
0
0
0
0
0
0
0
0
0
0
0
0
0
0
0
0
0
0
0
0
0
0
0
0
0
0
0
0
0
0
0
0
0
0
0
0
0
0
0
0
0
0
0
0
637
637
637
637
655
198
177
619
763
763
763
555
610
409
434
434
346
56
56
56
56
56
28
183
174
79
225
225
225
428
534
534
1147
955
224
224
94
94
591
304
304
293
212
241
80
71
132
593
278
96
53
33
33
189
189
482
636
434
361
361
207
185
1140
1022
521
553
222
45
34
190
641
358
358
182
337
165
88
88
106
225
225
289
197
157
199
108
105
105
399
254
384
349
125
739
875
875
956
956
956
956
956
956
919
342
342
279
93
100
71
76
222
222
379
460
243
65
65
65
585
458
248
234
287
301
101
118
1035
1035
342
382
382
183
163
163
143
108
108
287
103
212
156
35
36
36
329
152
64
114
99
390
632
412
171
132
156
180
202
21
710
671
671
223
206
214
206
273
273
403
272
272
272
272
272
272
272
458
344
344
132
132
80
121
183
113
420
129
99
341
150
127
127
870
659
659
653
654
726
682
845
402
402
281
281
79
79
335
427
427
319
289
132
132
132
143
91
56
80
80
32
25
55
52
88
46
7
7
29
49
41
24
24
11
12
38
38
28
28
21
18
29
29
29
29
25
25
22
26
32
32
23
23
9
12
4
6
5
5
4
10
6
9
9
9
9
8
11
11
11
11
11
16
15
15
15
15
12
15
9
9
9
9
22
12
13
13
13
13
36
22
41
41
41
41
58
83
67
72
72
18
159
208
369
448
300
459
331
331
331
315
352
269
553
446
446
376
352
417
744
839
839
1029
1029
1029
1029
322
225
251
485
485
485
407
373
373
33
33
548
301
301
348
219
126
126
273
598
598
498
498
40
106
418
418
1383
1299
1299
117
302
122
303
303
337
120
120
111
24
14
104
78
78
392
120
144
153
192
452
729
568
275
212
212
385
302
301
954
1478
1478
1278
1278
496
496
496
496
632
591
255
213
275
361
359
561
437
437
377
377
336
158
300
494
494
216
183
281
281
256
665
517
517
967
749
721
817
226
303
303
303
364
364
408
408
399
399
625
737
638
206
202
261
280
234
74
647
609
609
212
217
481
481
1013
788
788
363
295
401
401
387
247
731
771
771
771
474
207
318
345
296
507
507
507
507
295
342
609
609
145
231
257
257
154
340
1003
1003
959
350
350
350
350
399
399
387
511
490
78
78
92
92
252
710
794
794
719
590
719
719
239
179
179
299
246
96
111
104
346
1180
1180
1180
1180
1180
1180
362
705
705
705
705
705
705
705
878
878
878
878
414
329
329
476
465
264
328
233
748
748
748
748
445
445
1015
1015
1015
488
491
523
523
523
485
1024
925
793
793
194
595
984
1091
471
471
471
476
449
449
449
449
678
559
559
559
559
400
400
400
400
400
464
280
285
563
563
497
387
276
539
296
296
316
485
921
761
301
301
260
260
705
1022
344
408
381
381
381
715
715
715
715
715
715
715
715
715
715
715
743
743
743
456
322
329
516
644
413
602
571
571
177
169
169
169
169
777
579
579
579
579
195
195
1137
1137
1137
1137
1137
563
629
743
595
189
189
334
334
334
118
216
507
507
507
507
211
477
477
477
568
201
201
488
426
426
204
204
204
204
275
275
275
275
373
617
617
617
617
617
617
294
430
430
430
430
455
455
670
638
715
715
395
395
242
282
282
431
231
849
849
849
849
849
849
849
736
736
736
736
648
648
648
415
415
415
415
415
415
174
174
136
136
136
101
101
101
101
101
101
101
101
101
15
21
21
21
21
21
21
17
17
17
17
17
17
17
17
17
17
17
17
17
17
17
17
17
17
17
17
17
17
17
17
17
17
8
8
11
15
18
18
18
9
9
9
22
22
22
22
22
27
26
31
31
30
16
18
18
23
23
23
20
17
21
32
60
60
58
58
60
47
105
105
99
121
134
134
134
134
134
134
134
134
134
134
134
134
134
393
393
496
496
496
496
496
496
496
496
496
496
496
496
496
405
569
715
500
500
542
430
430
554
623
623
400
438
438
334
142
393
357
669
669
669
683
164
164
507
507
507
507
507
343
343
558
519
621
621
674
389
477
265
220
220
717
560
1051
1040
1040
1040
531
687
687
687
605
605
311
311
304
304
304
304
304
304
304
304
304
304
304
304
304
444
709
796
796
796
796
796
796
796
430
430
231
231
231
624
624
776
356
356
356
356
356
356
356
356
356
356
613
698
880
880
880
880
880
536
536
536
536
536
536
815
270
270
270
270
270
1134
1134
1134
704
704
704
704
704
889
889
606
446
446
446
446
961
855
855
855
855
855
855
855
855
855
855
855
855
855
333
333
333
333
887
1029
1029
337
168
168
168
168
168
452
506
419
419
419
419
419
419
419
450
450
117
117
690
690
690
690
690
690
690
690
690
192
698
755
633
633
633
157
157
1258
1258
1258
1258
1258
1258
637
637
637
776
776
776
776
776
776
776
776
776
776
413
400
506
797
812
812
850
850
850
850
850
850
850
850
850
850
601
653
590
916
916
808
808
808
808
808
808
808
808
808
808
808
808
702
537
537
537
537
537
706
706
706
830
830
830
830
830
830
830
830
583
583
583
583
583
583
583
356
444
444
444
444
444
328
538
538
538
538
538
549
628
628
777
777
777
777
777
777
726
726
726
726
726
726
726
726
726
726
525
525
525
525
525
529
529
529
529
529
529
321
193
309
309
309
309
309
702
226
430
430
430
430
430
430
430
430
812
812
477
477
501
501
483
237
386
629
629
629
699
603
648
648
648
648
323
312
312
312
312
312
306
306
306
306
306
306
306
390
390
390
390
390
390
390
501
501
501
501
501
501
714
762
935
935
790
469
565
565
575
575
575
251
251
251
251
251
251
251
251
251
251
251
251
251
251
251
452
504
504
504
516
516
575
644
644
644
644
250
215
207
207
207
207
207
207
207
119
81
22
22
101
45
45
33
33
33
33
27
53
92
44
29
36
21
19
19
37
37
37
37
23
37
19
22
19
22
22
22
22
22
15
15
15
15
54
66
66
30
17
42
42
39
61
46
58
69
117
103
122
18
18
18
128
135
135
88
26
37
37
221
116
116
123
123
107
151
135
138
145
159
159
159
766
269
269
269
269
269
544
303
597
578
517
517
517
517
517
517
517
549
549
583
583
944
944
847
755
755
755
778
778
778
778
778
491
491
491
491
552
552
658
582
389
389
675
675
675
675
675
411
363
792
764
1102
1102
1102
416
416
668
668
668
732
732
732
732
451
444
444
444
444
444
444
444
444
444
444
444
444
740
740
326
558
558
558
885
885
590
590
590
590
748
617
554
554
554
554
554
554
554
554
554
554
554
554
774
774
426
426
805
1038
879
879
879
698
591
591
591
591
591
604
604
604
604
604
604
604
604
604
604
604
604
604
604
604
604
604
604
604
604
604
604
604
604
604
604
604
604
604
876
876
876
876
876
735
580
580
580
580
580
580
580
580
580
580
580
580
580
580
580
580
420
420
420
396
396
396
396
509
509
930
743
743
442
1023
627
833
450
898
898
668
668
668
668
668
397
556
883
883
883
883
883
883
883
883
883
435
435
435
435
435
435
343
343
343
343
343
343
343
343
343
981
981
981
981
981
981
981
981
981
981
981
981
981
981
981
981
981
981
981
981
981
981
981
981
981
981
981
981
981
981
981
981
981
981
981
981
981
981
981
981
981
981
981
981
981
981
826
906
786
786
786
786
786
786
786
786
786
786
786
786
786
786
786
786
786
786
801
861
861
861
861
861
559
611
611
611
611
611
611
611
611
611
611
611
611
611
611
611
611
611
611
611
891
891
891
891
891
891
891
891
891
891
891
891
891
602
717
717
694
694
597
603
603
744
744
744
744
744
744
744
744
753
452
452
452
452
452
452
452
452
452
452
452
452
452
284
284
847
847
847
847
847
847
847
847
847
847
847
642
642
642
642
642
356
356
356
326
326
328
328
328
716
757
638
638
638
638
638
638
638
638
638
638
638
638
638
638
638
638
638
638
638
638
277
340
450
709
432
377
377
298
298
341
408
408
388
388
388
388
388
388
388
625
560
560
560
560
560
560
560
560
560
560
560
560
560
560
560
560
560
60
60
60
60
75
75
64
39
41
41
41
41
61
76
66
48
44
48
53
43
43
43
46
46
38
29
31
33
36
36
36
34
41
38
36
66
66
66
66
33
33
46
46
41
41
62
62
72
72
72
72
88
88
97
97
97
97
97
53
60
60
60
60
60
60
60
60
60
60
60
60
60
60
60
60
60
851
600
600
600
600
600
600
916
916
916
916
916
916
530
530
530
530
530
530
530
1085
1085
1085
1085
1085
1085
1085
1085
1085
1085
1085
546
546
546
546
734
734
734
452
448
448
448
448
448
448
448
395
395
395
395
395
395
395
395
800
800
800
800
800
800
800
551
551
551
551
496
496
563
637
728
522
522
522
522
522
522
601
601
601
612
612
612
743
619
619
619
619
712
824
824
824
824
824
824
824
824
824
832
822
975
820
916
605
557
557
557
557
557
557
557
641
641
775
775
775
610
610
610
713
713
809
809
809
809
809
809
809
809
636
649
649
621
621
621
621
621
653
653
710
748
748
748
748
748
748
748
748
748
748
748
748
748
748
831
928
728
728
728
728
728
728
728
610
610
610
610
462
462
532
532
532
659
728
728
728
728
728
728
935
935
935
935
935
935
935
935
935
935
935
935
935
935
935
935
935
935
935
935
935
935
935
805
636
621
655
655
655
655
365
356
356
356
356
356
356
356
356
356
356
356
356
356
356
356
356
356
356
356
356
356
356
356
356
356
356
356
356
356
356
356
356
356
356
356
356
356
356
356
356
356
356
356
356
356
356
356
356
356
356
356
356
356
356
356
356
356
356
356
356
356
356
356
356
356
356
356
356
356
356
356
356
356
356
356
356
356
356
356
356
356
356
356
356
356
356
356
356
356
356
356
356
356
356
356
356
356
356
356
356
356
356
356
356
356
356
356
356
356
356
356
356
356
356
356
356
356
356
356
356
356
356
356
356
356
356
356
356
356
356
356
356
356
356
356
356
356
356
356
356
356
356
356
356
356
356
356
356
356
356
356
356
356
356
356
356
356
356
356
356
356
356
356
356
356
356
356
356
356
356
356
356
356
356
356
356
356
356
356
356
356
356
356
356
356
356
356
356
356
356
356
356
356
356
356
356
356
356
356
356
356
356
356
356
356
356
356
356
356
356
356
356
356
356
356
356
356
356
356
356
356
356
356
356
356
356
356
356
356
356
356
356
356
356
356
356
356
356
356
356
356
356
356
356
356
356
356
356
356
356
356
356
356
356
356
356
356
356
356
356
356
356
356
356
356
356
356
356
356
356
356
356
356
356
356
356
356
356
356
356
356
356
356
356
356
356
356
356
356
356
356
356
356
356
356
356
356
356
356
356
356
356
356
356
356
356
356
356
356
356
356
356
356
356
356
356
356
356
356
356
356
356
356
356
356
356
356
356
356
356
356
356
356
356
356
356
356
356
356
356
356
356
356
356
356
356
356
356
356
356
356
356
356
356
356
356
356
356
356
356
356
356
356
356
356
356
356
356
356
356
356
356
356
356
356
356
356
356
356
356
356
356
356
356
356
356
356
356
356
356
356
356
356
356
356
356
356
356
356
356
356
356
356
356
356
356
356
356
356
356
356
356
356
356
356
356
356
356
356
356
356
356
356
356
356
356
356
356
356
356
356
356
356
356
356
356
356
356
356
356
356
356
356
356
356
356
356
356
356
356
356
356
356
356
356
356
356
356
356
356
356
356
356
356
356
356
356
356
356
356
356
356
356
356
356
356
356
356
356
356
356
356
356
356
356
356
356
356
356
356
356
356
356
356
356
356
356
356
356
356
356
356
356
356
356
356
356
356
356
356
356
356
356
356
356
356
356
356
356
356
356
356
356
356
356
356
356
356
356
356
356
356
356
356
356
356
356
356
356
356
356
356
356
356
356
356
356
356
356
356
356
356
356
356
356
356
356
356
356
356
356
356
356
356
356
356
356
356
356
356
356
356
356
356
356
356
356
356
356
356
356
356
356
356
356
356
356
356
356
356
356
356
356
356
356
356
356
356
356
356
356
356
356
356
356
356
356
356
356
356
356
356
356
356
356
356
356
356
356
356
356
356
356
356
356
356
356
356
356
356
356
356
356
356
356
356
356
356
356
356
356
356
356
356
356
356
356
356
356
356
356
356
356
356
356
356
356
356
356
356
356
356
356
356
356
356
356
356
356
356
356
356
356
356
356
356
356
356
356
356
356
356
356
356
356
356
356
356
356
356
356
356
356
356
356
356
356
356
356
356
356
356
356
356
356
356
356
356
356
356
356
356
356
356
356
356
356
356
356
356
356
356
356
356
356
356
356
356
356
356
356
356
356
356
356
356
356
356
356
356
356
356
356
356
356
356
356
356
356
356
356
356
356
356
356
356
356
356
356
356
356
356
356
356
356
356
356
356
356
356
356
356
356
356
356
356
356
356
356
356
356
356
356
356
356
356
356
356
356
356
356
356
356
356
356
356
356
356
356
356
356
356
356
356
356
356
356
356
356
356
356
356
356
356
356
356
356
356
356
356
356
356
356
356
356
356
356
356
356
356
356
356
356
356
356
356
356
356
356
356
356
356
356
356
356
356
356
356
356
356
356
356
356
356
356
356
356
356
356
356
356
356
356
356
356
356
356
356
356
356
356
356
356
356
356
356
356
356
356
356
356
356
356
356
356
356
356
356
356
356
356
356
356
356
356
356
356
356
356
356
356
356
356
356
356
356
356
356
356
356
356
356
356
356
356
356
356
356
356
356
356
356
356
356
356
356
356
356
356
356
356
356
356
356
356
356
356
356
356
356
356
356
356
356
356
356
356
356
356
356
356
356
356
356
356
356
356
356
356
356
356
356
356
356
356
356
356
356
356
356
356
356
356
356
356
356
356
356
356
356
356
356
356
356
356
356
356
356
356
356
356
356
356
356
356
356
356
356
356
356
356
356
356
356
356
356
356
356
356
356
356
356
356
356
356
356
356
356
356
356
356
356
356
356
356
356
356
356
356
356
356
356
356
356
356
356
356
356
356
356
356
356
356
356
356
356
356
356
356
356
356
356
356
356
356
356
356
356
356
356
356
356
356
356
356
356
356
356
356
356
356
356
356
356
356
356
356
356
356
356
356
356
356
356
356
356
356
356
356
356
356
356
356
356
356
356
356
356
356
356
356
356
356
356
356
356
356
356
356
356
356
356
356
356
356
356
356
356
356
356
356
356
356
356
356
356
356
356
356
356
356
356
356
356
356
356
356
356
356
356
356
356
356
356
356
356
356
356
356
356
356
356
356
356
356
356
356
356
356
356
356
356
356
356
356
356
356
356
356
356
356
356
356
356
356
356
356
356
356
356
356
356
356
356
356
356
356
356
356
356
356
356
356
356
356
356
356
356
356
356
356
356
356
356
356
356
356
356
356
356
356
356
356
356
356
356
356
356
356
356
356
356
356
356
356
356
356
356
356
356
356
356
356
356
356
356
356
356
356
356
356
356
356
356
356
356
356
356
356
356
356
356
356
356
356
356
356
356
356
356
356
356
356
356
356
356
356
356
356
356
356
356
356
356
356
356
356
356
356
356
356
356
356
356
356
356
356
356
356
356
356
356
356
356
356
356
356
356
356
356
356
356
356
356
356
356
356
356
356
356
356
356
356
356
356
356
356
356
356
356
356
356
356
356
356
356
356
356
356
356
356
356
356
356
356
356
356
356
356
356
356
356
356
356
356
356
356
356
356
356
356
356
356
356
356
356
356
356
356
356
356
356
356
356
356
356
356
356
356
356
356
356
356
356
356
356
356
356
356
356
356
356
356
356
356
356
356
356
356
356
356
356
356
356
356
356
356
356
356
356
356
356
356
356
356
356
356
356
356
356
356
356
356
356
356
356
356
356
356
356
356
356
356
356
356
356
356
356
356
356
356
356
356
356
356
356
356
356
356
356
356
356
356
356
356
356
356
356
356
356
356
356
356
356
356
356
356
356
356
356
356
356
356
356
356
356
356
356
356
356
356
356
356
356
356
356
356
356
356
356
356
356
356
356
356
356
356
356
356
356
356
356
356
356
356
356
356
356
356
356
356
356
356
356
356
356
356
356
356
356
356
356
356
356
356
356
356
356
356
356
356
356
356
356
356
356
356
356
356
356
356
356
356
356
356
356
356
356
356
356
356
356
356
356
356
356
356
356
356
356
356
356
356
356
356
356
356
356
356
356
356
356
356
356
356
356
356
356
356
356
356
356
356
356
356
356
356
356
356
356
356
356
356
356
356
356
356
356
356
356
356
356
356
356
356
356
356
356
356
356
356
356
356
356
356
356
356
356
356
356
356
356
356
356
356
356
356
356
356
356
356
356
356
356
356
356
356
356
356
356
356
356
356
356
356
356
356
356
356
356
356
356
356
356
356
356
356
356
356
356
356
356
356
356
356
356
356
356
356
356
356
356
356
356
356
356
356
356
356
356
356
356
356
356
356
356
356
356
356
356
356
356
356
356
356
356
356
356
356
356
356
356
356
356
356
356
356
356
356
356
356
356
356
356
356
356
356
356
356
356
356
356
356
356
356
356
356
356
356
356
356
356
356
356
356
356
356
356
356
356
356
356
356
356
356
356
356
356
356
356
356
356
356
356
356
356
356
356
356
356
356
356
356
356
356
356
356
356
356
356
356
356
356
356
356
356
356
356
356
356
356
356
356
356
356
356
356
356
356
356
356
356
356
356
356
356
356
356
356
356
356
356
356
356
356
356
356
356
356
356
356
356
356
356
356
356
356
356
356
356
356
356
356
356
356
356
356
356
356
356
356
356
356
356
356
356
356
356
356
356
356
356
356
356
356
356
356
356
356
356
356
356
356
356
356
356
356
356
356
356
356
356
356
356
356
356
356
356
356
356
356
356
356
356
356
356
356
356
356
356
356
356
356
356
356
356
356
356
356
356
356
356
356
356
356
356
356
356
356
356
356
356
356
356
356
356
356
356
356
356
356
356
356
356
356
356
356
356
356
356
356
356
356
356
356
356
356
356
356
356
356
356
356
356
356
356
356
356
356
356
356
356
356
356
356
356
356
356
356
356
356
356
356
356
356
356
356
356
356
356
356
356
356
356
356
356
356
356
356
356
356
356
356
356
356
356
356
356
356
356
356
356
356
356
356
356
356
356
356
356
356
356
356
356
356
356
356
356
356
356
356
356
356
356
356
356
356
356
356
356
356
356
356
356
356
356
356
356
356
356
356
356
356
356
356
356
356
356
356
356
356
356
356
356
356
356
356
356
356
356
356
356
356
356
356
356
356
356
356
356
356
356
356
356
356
356
356
356
356
356
356
356
356
356
356
356
356
356
356
356
356
356
356
356
356
356
356
356
356
356
356
356
356
356
356
356
356
356
356
356
356
356
356
356
356
356
356
356
356
356
356
356
356
356
356
356
356
356
356
356
356
356
356
356
356
356
356
356
356
356
356
356
356
356
356
356
356
356
356
356
356
356
356
356
356
356
356
356
356
356
356
356
356
356
356
356
356
356
356
356
356
356
356
356
356
356
356
356
356
356
356
356
356
356
356
356
356
356
356
356
356
356
356
356
356
356
356
356
356
356
356
356
356
356
356
356
356
356
356
356
356
356
356
356
356
356
356
356
356
356
356
356
356
356
356
356
356
356
356
356
356
356
356
356
356
356
356
356
356
356
356
356
356
356
356
356
356
356
356
356
356
356
356
356
356
356
356
356
356
356
356
356
356
356
356
356
356
356
356
356
356
356
356
356
356
356
356
356
356
356
356
356
356
356
356
356
356
356
356
356
356
356
356
356
356
356
356
356
356
356
356
356
356
356
356
356
356
356
356
356
356
356
356
356
356
356
356
356
356
356
356
356
356
356
356
356
356
356
356
356
356
356
356
356
356
356
356
356
356
356
356
356
356
356
356
356
356
356
356
356
356
356
356
356
356
356
356
356
356
356
356
356
356
356
356
356
356
356
356
356
356
356
356
356
356
356
356
356
356
356
356
356
356
356
356
356
356
356
356
356
356
356
356
356
356
356
356
356
356
356
356
356
356
356
356
356
356
356
356
356
356
356
356
356
356
356
356
356
356
356
356
356
356
356
356
356
356
356
356
356
356
356
356
356
356
356
356
356
356
356
356
356
356
356
356
356
356
356
356
356
356
356
356
356
356
356
356
356
356
356
356
356
356
356
356
356
356
356
356
356
356
356
356
356
356
356
356
356
356
356
356
356
356
356
356
356
356
356
356
356
356
356
356
356
356
356
356
356
356
356
356
356
356
356
356
356
356
356
356
356
356
356
356
356
356
356
356
356
356
356
356
356
356
356
356
356
356
356
356
356
356
356
356
356
356
356
356
356
356
356
356
356
356
356
356
356
356
356
356
356
356
356
356
356
356
356
356
356
356
356
356
356
356
356
356
356
356
356
356
356
356
356
356
356
356
356
356
356
356
356
356
356
356
356
356
356
356
356
356
356
356
356
356
356
356
356
356
356
356
356
356
356
356
356
356
356
356
356
356
356
356
356
356
356
356
356
356
356
356
356
356
356
356
356
356
356
356
356
356
356
356
356
356
356
356
356
356
356
356
356
356
356
356
356
356
356
356
356
356
356
356
356
356
356
356
356
356
356
356
356
356
356
356
356
356
356
356
356
356
356
356
356
356
356
356
356
356
356
356
356
356
356
356
356
356
356
356
356
356
356
356
356
356
356
356
356
356
356
356
356
356
356
356
356
356
356
356
356
356
356
356
356
356
356
356
356
356
356
356
356
356
356
356
356
356
356
356
356
356
356
356
356
356
356
356
356
356
356
356
356
356
356
356
356
356
356
356
356
356
356
356
356
356
356
356
356
356
356
356
356
356
356
356
356
356
356
356
356
356
356
356
356
356
356
356
356
356
356
356
356
356
356
356
356
356
356
356
356
356
356
356
356
356
356
356
356
356
356
356
356
356
356
356
356
356
356
356
356
356
356
356
356
356
356
356
356
356
356
356
356
356
356
356
356
356
356
356
356
356
356
356
356
356
356
356
356
356
356
356
356
356
356
356
356
356
356
356
356
356
356
356
356
356
356
356
356
356
356
356
356
356
356
356
356
356
356
356
356
356
356
356
356
356
356
356
356
356
356
356
356
356
356
356
356
356
356
356
356
356
356
356
356
356
356
356
356
356
356
356
356
356
356
356
356
356
356
356
356
356
356
356
356
356
356
356
356
356
356
356
356
356
356
356
356
356
356
356
356
356
356
356
356
356
356
356
356
356
356
356
356
356
356
356
356
356
356
356
356
356
356
356
356
356
356
356
356
356
356
356
356
356
356
356
356
356
356
356
356
356
356
356
356
356
356
356
356
356
356
356
356
356
356
356
356
356
356
356
356
356
356
356
356
356
356
356
356
356
356
356
356
356
356
356
356
356
356
356
356
356
356
356
356
356
356
356
356
356
356
356
356
356
356
356
356
356
356
356
356
356
356
356
356
356
356
356
356
356
356
356
356
356
356
356
356
356
356
356
356
356
356
356
356
356
356
356
356
356
356
356
356
356
356
356
356
356
356
356
356
356
356
356
356
356
356
356
356
356
356
356
356
356
356
356
356
356
356
356
356
356
356
356
356
356
356
356
356
356
356
356
356
356
356
356
356
356
356
356
356
356
356
356
356
356
356
356
356
356
356
356
356
356
356
356
356
356
356
356
356
356
356
356
356
356
356
356
356
356
356
356
356
356
356
356
356
356
356
356
356
356
356
356
356
356
356
356
356
356
356
356
356
356
356
356
356
356
356
356
356
356
356
356
356
356
356
356
356
356
356
356
356
356
356
356
356
356
356
356
356
356
356
356
356
356
356
356
356
356
356
356
356
356
356
356
356
356
356
356
356
356
356
356
356
356
356
356
356
356
356
356
356
356
356
356
356
356
356
356
356
356
356
356
356
356
356
356
356
356
356
356
356
356
356
356
356
356
356
356
356
356
356
356
356
356
356
356
356
356
356
356
356
356
356
356
356
356
356
356
356
356
356
356
356
356
356
356
356
356
356
356
356
356
356
356
356
356
356
356
356
356
356
356
356
356
356
356
356
356
356
356
356
356
356
356
356
356
356
356
356
356
356
356
356
356
356
356
356
356
356
356
356
356
356
356
356
356
356
356
356
356
356
356
356
356
356
356
356
356
356
356
356
356
356
356
356
356
356
356
356
356
356
356
356
356
356
356
356
356
356
356
356
356
356
356
356
356
356
356
356
356
356
356
356
356
356
356
356
356
356
356
356
356
356
356
356
356
356
356
356
356
356
356
356
356
356
356
356
356
356
356
356
356
356
356
356
356
356
356
356
356
356
356
356
356
356
356
356
356
356
356
356
356
356
356
356
356
356
356
356
356
356
356
356
356
356
356
356
356
356
356
356
356
356
356
356
356
356
356
356
356
356
356
356
356
356
356
356
356
356
356
356
356
356
356
356
356
356
356
356
356
356
356
356
356
356
356
356
356
356
356
356
356
356
356
356
356
356
356
356
356
356
356
356
356
356
356
356
356
356
356
356
356
356
356
356
356
356
356
356
356
356
356
356
356
356
356
356
356
356
356
356
356
356
356
356
356
356
356
356
356
356
356
356
356
356
356
356
356
356
356
356
356
356
356
356
356
356
356
356
356
356
356
356
356
356
356
356
356
356
356
356
356
356
356
356
356
356
356
356
356
356
356
356
356
356
356
356
356
356
356
356
356
356
356
356
356
356
356
356
356
356
356
356
356
356
356
356
356
356
356
356
356
356
356
356
356
356
356
356
356
356
356
356
356
356
461
461
461
461
461
461
461
461
461
687
687
737
717
411
411
525
701
523
439
439
439
439
547
497
497
415
415
415
415
363
434
461
461
461
470
419
419
419
419
450
538
387
387
387
387
580
580
445
445
445
445
445
445
445
445
445
445
811
919
919
919
919
919
826
826
826
826
826
826
473
473
473
756
690
690
690
690
690
690
690
690
690
690
690
690
690
690
690
769
769
752
752
752
752
752
752
752
409
409
472
395
395
459
459
459
459
606
630
630
582
582
582
582
796
796
796
796
393
393
651
651
497
484
484
484
459
359
359
359
468
468
468
468
468
468
468
468
481
489
489
489
489
489
389
389
360
360
360
360
360
360
714
582
582
582
582
582
582
466
393
946
946
946
870
908
908
428
359
431
423
423
423
423
423
379
379
379
379
503
404
404
404
404
460
463
463
463
427
360
360
360
1068
536
536
536
536
536
536
536
517
434
611
611
611
611
500
402
402
402
414
443
443
443
443
443
443
443
443
443
443
443
443
443
443
443
443
443
443
443
443
443
443
443
443
443
443
443
443
443
443
443
443
443
443
443
443
443
443
443
443
443
443
443
443
443
443
443
443
443
443
443
443
443
443
443
443
443
443
443
443
443
443
443
443
443
443
443
443
443
443
443
443
443
443
443
443
443
443
443
443
443
443
443
443
443
443
443
443
443
443
382
392
392
392
392
392
392
392
392
392
392
392
454
454
390
390
390
407
407
426
699
357
357
357
357
357
357
357
453
453
453
453
439
439
439
439
448
637
444
430
430
430
430
430
430
409
409
409
373
373
650
650
650
682
682
804
804
804
804
822
562
692
589
589
589
589
589
589
680
680
600
600
600
600
600
600
600
696
832
677
677
677
677
968
807
848
585
371
371
371
371
679
607
607
607
844
725
605
605
1132
1132
563
539
539
539
499
533
420
372
869
714
714
714
535
580
919
951
794
794
794
794
794
794
412
412
412
412
412
368
624
405
405
415
652
517
434
434
386
386
742
862
1033
738
738
738
738
906
906
510
846
846
513
513
735
581
444
444
444
444
444
444
444
444
444
380
380
380
380
380
380
380
380
738
738
754
846
846
1108
757
684
684
684
684
684
684
684
684
684
684
952
901
901
901
901
901
901
901
401
401
401
435
435
435
435
737
737
377
377
377
377
377
377
1122
1122
1122
1122
1122
1122
1122
561
561
561
561
561
561
607
607
607
607
607
607
531
531
531
531
531
511
502
502
605
638
638
638
638
638
729
729
729
729
729
457
700
700
700
700
700
494
494
494
516
647
763
529
529
529
529
529
529
714
714
714
714
714
714
714
714
714
714
714
714
838
836
712
505
505
839
839
839
839
839
839
839
839
839
839
839
839
839
1196
1196
1196
967
925
925
925
925
925
925
925
925
925
925
446
446
446
446
446
446
446
446
446
446
446
446
446
446
446
446
446
510
510
510
510
510
510
510
510
510
449
449
449
449
565
565
565
565
565
565
858
598
598
598
598
598
598
598
598
588
458
527
527
444
444
444
444
444
444
444
444
444
618
618
618
618
618
618
618
618
618
618
535
449
449
449
449
449
495
495
846
846
846
846
846
846
747
635
662
662
662
662
662
662
662
662
662
662
662
662
662
662
662
662
435
435
435
435
435
435
435
435
435
630
630
630
630
630
630
630
630
630
630
630
630
630
630
630
630
630
630
630
630
630
630
630
630
630
630
630
630
630
630
630
630
630
630
630
630
630
630
630
630
630
630
630
630
630
630
630
630
630
630
630
630
630
630
630
630
630
630
630
630
630
630
630
630
630
630
630
630
630
630
630
630
630
630
630
630
630
630
630
630
630
630
630
630
630
630
630
630
630
630
630
630
630
630
538
538
814
498
498
498
498
498
498
802
802
802
802
802
802
494
494
494
494
751
800
800
634
634
634
522
522
522
522
522
522
522
522
967
990
539
539
539
539
542
569
737
737
556
482
482
482
482
482
482
482
738
738
738
738
738
738
738
738
738
738
627
627
917
917
917
917
917
917
917
917
917
917
917
917
917
917
917
917
917
917
917
917
789
789
395
395
395
395
395
945
882
882
882
882
882
882
882
882
882
882
882
529
529
607
594
594
594
594
594
594
594
594
594
594
594
594
594
594
594
848
848
848
848
848
848
848
848
848
962
963
1188
1188
1188
1188
1188
1188
1188
1188
1188
1188
1188
1188
1188
1188
1188
1188
1188
663
731
731
656
545
481
532
556
571
571
571
790
598
598
598
488
488
575
575
575
575
575
575
575
575
575
575
575
575
575
575
575
575
575
575
575
575
575
575
575
575
575
575
575
575
575
575
492
492
492
492
492
492
492
492
492
492
492
492
492
492
1328
1328
1328
1328
1328
1328
1328
1328
1328
835
835
835
835
835
835
676
676
676
676
619
619
619
744
706
706
706
706
706
706
706
655
710
710
710
807
807
807
807
807
807
712
712
712
712
712
712
712
712
712
712
712
712
712
712
712
712
835
835
835
835
835
835
835
835
835
835
835
835
835
835
835
835
835
835
835
835
835
835
835
835
835
835
835
835
835
835
835
835
835
835
835
835
835
835
835
835
835
835
835
835
600
575
568
570
624
601
728
728
728
728
728
728
728
728
728
533
533
533
533
533
603
888
888
547
547
547
547
547
547
547
547
547
547
547
547
547
547
547
547
547
547
547
547
547
547
642
499
499
499
471
471
504
575
575
575
575
575
575
575
575
575
575
780
780
780
780
780
780
780
780
780
454
497
497
497
497
497
497
497
964
964
964
814
814
814
814
814
814
814
814
814
814
814
814
814
814
814
814
814
814
814
814
814
525
525
525
525
525
643
643
643
643
643
643
643
643
643
643
643
643
643
643
643
643
643
643
643
643
643
643
643
643
643
643
643
643
643
643
643
643
643
643
643
643
643
643
643
643
643
643
643
643
643
643
643
643
643
643
643
643
643
643
643
643
643
643
643
643
643
643
643
643
643
643
643
643
643
643
643
643
643
643
643
643
643
643
643
643
643
643
643
643
643
643
643
643
643
643
643
643
643
643
643
643
656
656
656
531
531
531
531
531
531
531
531
531
531
531
531
610
749
749
749
749
749
749
749
696
706
706
765
715
715
715
715
715
715
715
715
715
715
715
715
715
715
715
630
630
547
650
650
889
889
943
943
943
943
943
943
943
943
943
943
943
943
943
943
943
943
943
943
943
943
943
943
943
943
943
943
943
943
943
943
943
943
943
943
943
401
401
781
781
781
781
781
781
781
781
781
781
781
962
962
962
962
962
556
848
848
848
848
636
636
636
636
967
967
967
967
967
967
967
967
967
967
967
967
967
967
967
967
967
967
967
967
967
967
967
967
967
967
967
967
967
967
967
967
967
967
967
967
967
967
967
967
967
967
540
540
540
578
614
614
614
614
614
491
491
491
491
491
491
491
676
676
676
676
676
676
676
676
676
874
874
874
698
698
698
698
698
698
698
698
698
698
698
698
698
698
698
698
698
824
824
824
824
824
824
824
824
824
824
1395
1395
1395
1395
1395
1395
1395
1395
1395
1395
1395
1395
1395
1395
1395
1395
1395
1395
1395
1395
1395
1395
1395
1395
1395
1395
1395
1395
1395
1395
1395
1395
1395
1395
1395
1395
1395
1395
1395
1395
1395
724
724
724
724
724
724
724
724
724
724
724
724
724
724
724
724
724
724
724
724
724
724
724
724
724
724
724
724
724
724
724
724
724
724
724
724
724
724
724
724
724
724
724
724
724
724
724
724
724
724
724
724
724
724
724
724
724
724
724
724
591
591
591
591
591
591
591
591
591
591
591
591
591
591
656
622
622
622
622
622
622
622
622
622
583
583
583
819
569
569
569
569
569
569
569
569
569
569
569
569
569
569
569
569
569
569
569
569
630
630
630
630
630
630
630
630
630
630
630
630
593
593
593
593
593
593
593
593
593
593
593
593
593
593
593
592
592
592
592
592
592
592
592
592
592
592
592
592
592
592
592
592
592
592
592
592
592
592
592
592
592
592
592
592
592
592
592
668
668
668
668
668
668
668
668
668
668
668
668
668
668
668
668
668
668
668
668
668
668
668
668
668
668
668
668
668
668
668
668
668
668
668
668
668
668
668
668
668
668
668
668
668
668
668
668
668
668
668
668
668
668
668
668
668
668
668
668
668
668
668
668
668
668
668
668
668
668
668
668
668
668
668
668
668
668
668
668
668
668
668
668
668
668
668
668
668
668
668
668
668
668
668
668
668
668
668
668
668
668
668
671
671
671
671
671
671
744
744
744
744
763
763
763
763
763
763
763
763
763
837
837
837
837
837
837
837
837
926
926
725
725
725
725
725
725
725
725
725
725
725
725
725
725
725
725
725
725
725
725
725
725
725
725
725
725
725
725
725
725
725
725
725
725
725
725
725
725
725
725
725
725
725
725
725
725
725
725
725
725
725
725
725
725
725
725
725
725
725
725
725
725
725
725
725
725
725
725
725
725
725
725
725
725
725
725
725
725
725
725
725
725
990
990
990
990
990
990
990
990
990
990
990
990
976
976
976
976
976
976
976
976
976
976
976
976
976
976
976
976
976
976
976
976
976
976
976
690
679
679
679
679
679
679
679
679
679
679
679
679
679
679
679
866
890
890
789
789
789
800
800
800
800
800
800
800
800
800
800
800
800
800
800
800
772
750
750
750
750
750
750
750
750
877
877
897
897
897
897
897
897
897
897
897
897
897
897
897
897
897
897
897
897
897
897
897
897
897
897
897
897
897
897
897
897
897
897
897
897
897
897
897
897
897
897
897
897
897
897
897
897
897
897
897
897
897
897
897
897
897
897
897
897
897
897
897
897
897
897
897
897
897
897
897
897
897
897
897
897
897
897
897
897
897
897
897
897
897
897
897
897
897
897
897
897
897
897
897
798
798
798
798
798
798
798
798
798
798
798
798
798
798
798
798
798
798
798
798
798
798
798
798
798
798
798
798
798
798
798
798
798
752
752
752
752
752
752
752
752
752
752
723
643
643
643
643
643
643
643
643
643
643
643
643
643
643
643
643
643
643
643
643
643
643
643
643
643
643
643
643
643
643
643
643
643
643
643
643
643
643
643
643
643
643
643
643
643
643
643
684
684
684
684
684
684
684
684
684
684
684
684
684
684
684
684
684
684
684
684
684
684
691
691
691
691
691
691
691
691
691
691
691
691
691
691
691
691
691
691
691
691
691
691
691
691
691
691
691
691
691
691
691
691
691
691
691
691
691
691
691
691
691
691
691
691
691
691
691
691
691
691
691
691
691
691
691
691
691
691
691
691
691
691
691
691
691
691
691
691
691
691
691
691
691
691
691
691
691
691
691
691
691
691
691
691
691
691
691
691
691
691
691
691
691
691
691
691
691
691
691
691
691
691
691
691
691
691
691
691
691
691
691
691
691
672
672
672
672
672
672
672
672
672
672
672
672
672
672
672
672
672
672
672
672
672
672
672
672
672
672
672
672
672
672
672
672
672
672
672
672
672
672
672
672
672
672
672
672
672
672
672
672
672
672
672
672
672
672
672
672
672
672
672
672
672
672
672
672
672
672
672
672
672
672
672
672
672
672
672
672
672
672
672
672
672
672
672
672
672
672
672
672
672
672
672
672
672
672
672
672
672
672
672
672
672
672
672
672
672
941
941
941
941
941
941
941
941
941
941
941
941
941
941
941
941
941
941
941
941
941
941
941
941
941
941
941
941
941
941
941
941
941
941
941
941
941
941
941
941
941
941
941
941
941
941
941
941
941
941
941
941
941
941
824
824
824
824
824
824
824
824
824
824
824
824
824
