0
0
0
0
0
0
0
0
0
0
0
0
0
0
0
0
0
0
0
0
0
0
0
0
0
0
0
0
0
0
0
0
0
0
0
0
0
0
0
0
0
0
0
0
0
0
0
0
0
0
0
0
0
0
0
0
0
0
0
0
0
0
0
0
0
0
0
0
0
0
0
0
0
0
0
0
0
0
0
0
0
0
0
0
0
0
0
0
0
0
0
0
0
0
0
0
0
0
0
0
0
0
0
0
0
0
0
0
0
0
0
0
0
0
0
0
0
0
0
0
0
0
0
0
0
0
0
0
0
0
0
0
0
0
0
0
0
0
0
0
0
0
0
0
0
0
0
0
0
0
0
0
0
0
0
0
0
0
0
0
0
0
0
0
0
0
0
0
0
0
0
0
0
0
0
0
0
0
0
0
0
0
0
0
0
0
0
0
0
0
0
0
0
0
0
0
0
0
0
0
0
0
0
0
0
0
0
0
0
0
0
0
0
0
0
0
0
0
0
0
0
0
0
0
0
0
0
0
0
0
0
0
0
0
0
0
0
0
0
0
0
0
0
0
0
0
0
0
0
0
0
0
0
0
0
0
0
0
0
0
0
0
0
0
0
0
0
0
0
0
0
0
0
0
0
0
0
0
0
0
0
0
0
0
0
0
0
0
0
0
0
0
0
0
0
0
0
0
0
0
0
0
0
0
0
0
0
0
0
0
0
0
0
0
0
0
0
0
0
0
0
0
0
0
0
0
0
0
0
0
0
0
0
0
0
0
0
0
0
0
0
0
0
0
0
0
0
0
0
0
0
0
0
0
0
0
0
0
0
0
0
0
0
0
0
0
0
0
0
0
0
0
0
0
0
0
0
0
0
0
0
0
0
0
0
0
0
0
0
0
0
0
0
0
0
0
0
0
0
0
0
0
0
0
0
0
0
0
0
0
0
0
0
0
0
0
0
0
0
0
0
0
0
0
0
0
0
0
0
0
0
0
0
0
0
0
0
0
0
0
0
0
0
0
0
0
0
0
0
0
0
0
0
0
0
0
0
0
0
0
0
0
0
0
0
0
0
0
0
0
0
0
0
0
0
0
0
0
0
0
0
0
0
0
0
0
0
0
0
0
0
0
0
0
0
0
0
0
0
0
0
0
0
0
0
0
0
0
0
0
0
0
0
0
0
0
0
0
0
0
0
0
0
0
0
0
0
0
0
0
0
0
0
0
0
0
0
0
0
0
0
0
0
0
0
0
0
0
0
0
0
0
0
0
0
0
0
0
0
0
0
0
0
0
0
0
0
0
0
0
0
0
0
0
0
0
0
0
0
0
0
0
0
0
0
0
0
0
0
0
0
0
0
0
0
0
0
0
0
0
0
0
0
0
0
0
0
0
0
0
0
0
0
0
0
0
0
0
0
0
0
0
0
0
0
0
0
0
0
0
0
0
0
0
0
0
0
0
0
0
0
0
0
0
0
0
0
0
0
0
0
0
0
0
0
0
0
0
0
0
0
0
0
0
0
0
0
0
0
0
0
0
0
0
0
0
0
0
0
0
0
0
0
0
0
0
0
0
0
0
0
0
0
0
0
0
0
0
0
0
0
0
0
0
0
0
0
0
0
0
0
0
0
0
0
0
0
0
0
0
0
0
0
0
0
0
0
0
0
0
0
0
0
0
0
0
0
0
0
0
0
0
0
0
0
0
0
0
0
0
0
0
0
0
0
0
0
0
0
0
0
0
0
0
0
0
0
0
0
0
0
0
0
0
0
0
0
0
0
0
0
0
0
0
0
0
0
0
0
0
0
0
0
0
0
0
0
0
0
0
0
0
0
0
0
0
0
0
0
0
0
0
0
0
0
0
0
0
0
0
0
0
0
0
0
0
0
0
0
0
0
0
0
0
0
0
0
0
0
0
0
0
0
0
0
0
0
0
0
0
0
0
0
0
0
0
0
0
0
0
0
0
0
0
0
0
0
0
0
0
0
0
0
0
0
0
0
0
0
0
0
0
0
0
0
0
0
0
0
0
0
0
0
0
0
0
0
0
0
0
0
0
0
0
0
0
0
0
0
0
0
0
0
0
0
0
0
0
0
0
0
0
0
0
0
0
0
0
0
0
0
0
0
0
0
0
0
0
0
0
0
0
0
0
0
0
0
0
0
0
0
0
0
0
0
0
0
0
0
0
0
0
0
0
0
0
0
0
0
0
0
0
0
0
0
0
0
0
0
0
0
0
0
0
0
0
0
0
0
0
0
0
0
0
0
0
0
0
0
0
0
0
0
0
0
0
0
0
0
0
0
0
0
0
0
0
0
0
0
0
0
0
0
0
0
0
0
0
0
0
0
0
0
0
0
0
0
0
0
0
0
0
0
0
0
0
0
0
0
0
0
0
0
0
0
0
0
0
0
0
0
0
0
0
0
0
0
0
0
0
0
0
0
0
0
0
0
0
0
0
0
0
0
0
0
0
0
0
0
0
0
0
0
0
0
0
0
0
0
0
0
0
0
0
0
0
0
0
0
0
0
0
0
0
0
0
0
0
0
0
0
0
0
0
0
0
0
0
0
0
0
0
0
0
0
0
0
425
-119
91
37
47
-155
-100
-58
-525
305
366
183
-108
-218
-230
394
100
-62
409
98
324
73
412
-31
-195
198
-86
-252
114
161
369
-414
255
-514
-130
-70
370
-43
212
-629
-113
82
-91
-233
50
-29
198
-115
-633
-32
-2
12
34
19
-183
112
-517
-314
215
158
79
-112
-69
-410
-174
401
-236
207
-34
170
-213
-295
301
115
-14
143
181
326
477
-51
36
190
-179
108
120
91
-62
-7
550
-390
-170
-328
54
-34
-7
-279
660
-330
331
167
308
1
229
-257
-276
221
-204
-30
-44
134
-55
-200
185
-380
-382
-10
234
205
10
-631
-224
153
-124
-13
-40
47
343
-285
578
373
-330
8
-38
149
137
-71
460
192
-281
-61
-161
223
-38
440
6
-373
-134
-2
-91
-72
-407
-376
169
-55
49
154
-103
-223
-12
-42
-519
893
-54
-20
-207
47
174
73
-225
443
151
185
69
124
88
203
-439
-151
130
8
34
-90
-136
124
-3
-473
-18
-94
4
-20
-37
735
-436
-14
450
-3
-4
-149
-61
-386
-4
63
-253
152
-63
96
-354
43
10
-277
-13
153
130
107
-35
-41
-29
72
93
37
-21
-49
29
26
73
-1
25
-29
30
-12
54
7
42
-14
0
3
42
29
10
-9
-17
34
31
36
-8
9
-22
33
3
30
-5
16
2
10
11
15
15
15
15
15
31
29
32
10
19
-1
26
31
52
8
2
-10
24
28
33
14
-4
-11
4
39
27
0
-24
-14
-10
31
17
14
-37
-20
-40
8
16
21
-60
-89
-73
10
39
-7
-172
-229
-320
163
-25
-308
322
2
148
-291
29
-194
-205
432
313
-64
-17
-146
-33
-222
784
-261
268
15
216
-204
215
-235
237
659
206
-79
-11
18
227
117
-608
-166
13
-172
86
-23
360
-239
326
358
-38
116
-34
-110
-467
343
-498
-330
403
-107
-16
-69
291
673
-136
-79
36
-60
-6
76
-87
414
165
-444
-84
-114
-124
-169
-466
-485
260
-45
54
199
-316
-223
-221
857
-1138
589
258
154
-4
207
257
11
-656
230
-273
-83
-303
-119
-114
-224
564
175
-104
68
-23
-44
-217
276
451
-161
455
-272
131
-245
674
-560
251
823
-124
-68
-261
-41
78
667
47
-163
175
-251
23
-232
68
-531
-603
203
-20
-12
-130
-168
-220
-2
-693
-49
324
-18
-28
-418
255
-521
-790
1158
-206
-71
-282
7
23
-2
-630
401
265
188
-177
-224
-228
387
-130
-7
413
129
36
-263
-259
187
679
-162
307
-197
215
-9
339
-970
1349
211
-275
239
44
158
-330
183
-316
-432
58
-23
84
-51
38
-245
-667
162
23
0
20
25
210
-113
575
92
-263
-200
-60
-34
-97
-375
-64
-168
-108
-114
215
-29
-257
-746
-546
439
-538
-51
200
212
-855
-427
-108
-322
587
-194
313
31
46
-65
-192
-3
-589
-134
117
-135
-335
191
532
-383
237
70
91
29
28
323
107
-998
-388
-124
11
-59
-266
102
-480
350
377
188
401
278
369
90
277
-507
-153
114
-384
-125
-234
315
322
281
7
-270
-263
386
-369
319
540
370
-242
-272
117
361
-340
504
-566
-247
-85
212
-3
175
-562
-924
-156
-284
-376
-55
-165
-745
-212
-396
-253
-167
-121
670
107
302
198
328
-729
-119
102
-331
165
-362
-528
146
-190
369
-129
90
507
-39
347
30
216
-691
-389
284
-55
74
313
124
-1248
-147
-75
-80
-60
-279
-411
-573
675
-48
10
-328
102
-60
245
-190
-513
-29
720
-28
45
92
-286
-591
542
-170
-35
-332
-209
-71
-164
61
-235
48
440
98
314
304
-330
-539
-87
-154
-32
-29
211
-229
264
-98
-128
428
-7
94
-436
-372
-522
168
-98
138
243
-304
271
-245
120
-474
-154
215
79
24
-101
-152
-724
265
85
129
63
64
23
-83
-109
596
114
759
108
58
65
76
56
18
26
-12
58
80
-17
12
58
14
63
38
18
49
-1
26
-15
7
37
7
18
25
-7
30
29
-5
34
0
22
-6
-12
21
-3
3
15
-15
9
14
-9
3
-4
-3
-4
-6
-8
-6
-13
-17
-21
16
14
-11
-12
3
-24
2
1
-5
-4
-30
-29
-34
19
11
-18
-21
-4
-27
11
12
-13
-7
-15
-33
-64
15
19
-32
-63
-25
-112
9
9
18
2
18
-7
-97
36
-458
-210
816
-21
158
17
468
-233
-360
375
329
-51
222
56
-305
-26
-495
-158
331
207
364
67
4
59
-595
-450
-20
386
-340
-259
-197
-458
-218
94
335
-295
124
-87
79
-384
332
-694
650
568
43
-175
319
-404
172
947
753
-345
236
317
-500
138
268
807
163
-62
-239
71
160
356
44
-370
-957
227
16
165
-293
-199
-150
372
-635
203
-314
47
322
91
2
428
285
-73
28
-66
57
-75
363
-389
388
402
-650
94
-160
175
10
-337
101
126
-446
-209
-220
378
105
-670
160
269
-280
-27
593
576
-69
595
-372
240
-36
92
-672
82
-549
603
60
378
1
201
-27
-306
-240
294
-18
53
-228
-42
418
38
318
26
74
115
694
141
99
764
32
-490
163
-463
328
-141
478
-226
-879
269
-113
169
134
667
711
-149
16
12
-127
336
-30
-389
-204
16
-54
-366
-598
-792
-188
-121
102
264
42
543
-200
-274
-227
-53
34
471
-353
-139
-49
484
-441
145
-8
223
-155
570
444
320
44
24
159
219
-53
-193
533
-655
14
9
71
-98
113
-808
-104
-45
-197
-203
-380
-616
-110
299
-431
937
189
47
-106
-499
-673
805
-257
-128
-382
3
-455
-789
113
391
8
315
-46
229
-237
747
121
577
52
-643
117
146
-627
-502
305
-286
206
236
-126
272
-71
-343
-539
-34
396
244
276
-541
-271
-89
123
-99
-123
-496
23
34
166
-101
68
-93
-284
-160
629
-279
-621
41
-2
-56
-262
471
49
496
-363
291
254
459
642
571
-460
395
130
235
58
-19
-177
78
-474
238
202
373
-371
-151
-466
-93
134
-52
-29
473
-482
115
843
629
165
-28
264
503
158
394
-274
-298
-190
-74
262
-364
-219
419
-178
-179
135
-164
63
604
-146
-277
613
47
427
339
515
39
-634
473
-52
183
-100
336
-368
-151
-204
-535
-299
-94
-614
91
-544
59
-255
133
-283
52
156
-92
187
110
636
249
134
301
350
237
618
-429
412
-137
190
322
71
128
-336
157
245
243
125
-63
-175
-270
-617
57
567
-62
-254
145
-275
97
-183
-287
728
93
-285
133
252
38
144
-253
-97
-464
-436
142
142
91
229
86
57
-220
-581
378
76
89
-150
-43
-42
-176
-106
-91
79
-29
-26
-16
33
8
-76
-1
-17
-20
-112
-48
-9
2
-13
1
40
-18
-35
-83
-16
-27
-32
-14
-10
29
-39
-19
-11
0
-25
-43
-23
-24
-22
-25
-16
-18
-16
-7
-17
-13
-16
42
-62
-71
3
-29
-15
-21
28
-15
-39
-9
-33
-52
48
-25
-63
-21
-19
-5
-146
123
80
-93
-23
-35
13
-185
-22
85
-37
12
-5
-92
-31
-8
-22
-50
22
354
-789
-221
201
112
176
124
-324
143
-553
323
-417
615
477
-50
-67
162
240
-439
-162
-481
-188
264
-243
-783
423
-211
-164
-92
-48
-67
367
210
-205
-5
-554
-223
328
349
252
-281
146
-159
-528
-15
-19
742
-446
-376
-322
-813
137
117
-254
231
-398
118
-687
-43
138
265
183
9
-337
-286
188
245
542
746
306
44
1066
-356
376
212
497
-303
282
107
-247
-596
-37
-166
-970
633
-179
203
-9
-91
-753
-445
-84
199
166
267
-462
260
-306
-475
278
-353
425
-94
-34
447
-138
571
359
-605
139
298
6
-242
-29
870
-96
15
-56
-555
-180
327
574
-349
-638
-9
434
4
697
-116
152
111
-325
1
413
-661
-47
-32
421
189
185
400
1080
-795
-455
-111
117
-27
-868
845
-413
47
272
368
600
-337
483
-310
-266
-14
-64
-751
25
-40
63
-274
129
-644
126
235
-166
-29
568
-374
-430
-543
-399
329
-36
-786
491
28
-442
107
191
8
-374
94
273
-758
-77
325
-154
-146
-399
311
-776
-543
-58
66
454
179
181
-275
157
378
399
-141
269
-50
64
187
10
-1035
-281
13
47
-99
362
-480
-1114
187
-405
54
-359
418
85
323
-235
-3
271
-166
-214
-79
209
-88
553
-73
-412
-355
-2
679
250
-208
-342
61
-85
-419
183
448
527
292
191
-28
-212
-235
-162
-55
184
-331
539
206
-310
453
111
-277
-373
-532
-292
506
317
87
-257
-113
487
50
543
-88
-561
51
-435
-44
4
-598
-574
91
-820
352
13
-39
-32
95
371
-136
536
228
164
-243
-4
-30
-35
243
-616
-71
-305
-27
-135
84
144
-522
-214
487
-171
-401
438
-242
299
306
295
-207
-191
61
-442
294
-250
-655
142
214
237
-215
43
-226
106
120
62
-98
-54
-228
394
-209
257
-224
-361
375
-133
215
485
-106
-3
20
69
-370
-537
304
-265
71
-204
14
199
-300
181
-420
-26
-82
241
639
-201
151
-614
-185
245
128
194
-327
267
-208
-31
289
-247
7
-213
137
-294
-57
446
504
448
-253
-289
183
-165
-286
-35
250
-71
696
-335
54
222
324
-91
-107
259
251
-369
-152
204
-406
106
-78
550
134
-165
-97
-273
-353
-157
-40
-22
-476
378
-27
-544
281
-80
-3
-180
-29
-24
105
-101
-26
-47
69
46
55
-67
29
57
96
26
22
-36
74
80
66
-15
6
-5
77
36
-18
-49
8
4
50
-24
-51
-29
18
2
4
-28
-32
6
20
0
4
4
7
5
13
25
1
18
24
-4
47
59
-28
17
24
-19
53
21
-65
7
4
-52
25
-11
-82
39
7
-46
67
-4
-29
94
38
-10
117
31
33
123
52
-5
156
-5
22
38
-5
-94
121
-234
-49
-629
-256
480
37
19
-187
107
322
242
400
211
-25
-125
-441
69
94
-71
-94
-25
-245
7
200
-212
-166
448
223
150
-492
233
-47
-218
-497
219
-88
-272
514
252
399
154
440
261
43
-306
-451
-123
359
-271
414
-92
-342
-340
-275
709
-209
-854
-318
421
-240
473
-187
175
-451
486
574
-356
-5
158
-468
-399
-547
-169
192
746
320
-628
580
-566
-316
-88
-583
509
416
579
-419
97
319
-165
-744
-115
-396
-313
-18
69
316
-221
169
356
-884
505
482
17
98
-482
474
-229
197
-499
-7
70
-203
167
-560
-830
-515
561
26
-179
-323
-647
447
-849
-31
390
427
72
-34
-580
75
287
171
-315
-544
673
-126
273
196
-583
250
388
-656
-157
-27
119
5
-709
-150
254
516
92
270
170
-480
-371
-221
-415
-15
331
-72
116
-436
28
1009
604
-273
-72
61
-406
71
-534
283
507
142
309
63
220
-449
345
-285
-813
-98
24
188
656
-22
322
-430
-191
-142
-331
345
-242
900
431
130
200
-294
46
-177
671
340
332
-606
134
194
-266
168
168
112
390
-249
-42
82
90
31
-19
5
31
31
-4
-3
8
13
17
-5
-1
11
10
-1
-3
-2
11
10
-5
-5
3
3
8
0
-7
8
3
-2
0
5
11
1
-3
-3
3
4
-1
-3
4
6
1
-3
-2
4
1
-3
-6
-3
1
-4
-2
-5
-3
3
1
1
-12
-1
-2
3
-2
-1
4
3
-3
-5
-2
0
-2
2
0
3
-5
0
-8
-5
1
14
-2
-3
-3
1
4
-10
1
-6
1
-3
-6
6
-5
-4
-2
2
-2
4
-4
-2
2
4
-7
-6
-5
-1
-1
-7
1
3
9
6
-6
-5
6
5
-4
-5
-12
1
-4
-1
1
-1
-4
-5
-6
-4
-5
1
4
-2
-1
9
1
-12
-9
0
-1
3
-2
4
3
-4
-2
5
-3
-2
4
-7
1
-6
1
-4
0
-5
-4
9
-1
0
0
3
-5
-8
2
-7
-4
-6
0
-1
3
2
-3
2
-1
-1
-3
-3
-8
0
2
1
-3
2
6
2
0
-6
2
4
1
-1
-5
-3
0
1
6
1
-5
-2
-2
-6
0
3
-4
1
-11
-6
-1
-7
-4
-6
-5
-8
3
1
0
1
-4
2
0
-2
3
3
-3
-6
-5
-2
-8
-2
-6
6
-4
-6
-2
1
-6
-4
3
-4
1
-1
0
-3
1
-7
-8
-6
0
-2
-2
-2
-2
-1
-2
0
0
-1
1
1
3
-3
0
-1
-2
-1
-3
-5
5
3
0
1
-7
-4
1
2
-3
-1
1
-1
2
-2
-1
-2
-7
2
2
-5
3
-1
-3
5
-7
-4
-5
-5
0
0
1
-3
0
-8
-3
-1
-4
-1
1
-8
-8
1
-3
-7
1
1
-2
1
2
-1
-6
1
-2
-7
-13
-5
-2
-2
-4
-2
2
1
1
-6
-6
-7
-5
0
-8
-5
3
5
-2
-2
3
-2
-1
3
-2
0
-1
2
-4
0
-2
-2
-4
4
-2
0
3
-2
-1
-1
-7
5
-3
-3
5
8
0
-5
-4
-7
-2
-7
-6
3
-2
5
-9
-1
-6
1
-4
0
-9
7
0
-10
3
7
3
-2
-5
0
-3
-7
-4
-6
3
-4
0
-1
-1
-12
0
-1
-5
0
-5
-6
-4
3
2
-5
-3
-8
2
1
-7
-4
-8
7
2
0
-4
-3
-3
0
-1
-4
-7
-5
-1
-1
0
4
-4
3
-5
-4
0
2
0
-6
-2
0
-3
-3
-5
7
2
-1
-6
-5
1
0
-2
-8
-10
9
-6
-5
-9
6
1
-5
-8
0
-1
-4
-7
-5
4
5
-6
-8
-4
-2
1
-9
-9
-2
-3
-2
-14
-12
-4
2
-12
-12
-8
3
-4
-24
-13
-6
5
-11
-28
-21
1
-3
-34
-46
-14
18
-34
-150
-232
-69
-4
1
-2
-3
-4
-3
-8
-6
0
-4
1
-8
-6
2
-5
-3
7
-5
-10
5
-2
0
-2
-9
-1
3
-6
-10
5
-10
-7
2
-2
-7
-3
-2
-5
2
-4
-6
-3
-4
-5
1
-3
4
-2
-5
1
-4
7
-10
-4
2
2
3
-4
4
-8
4
-7
3
2
-5
-1
-4
0
0
8
3
-4
-5
3
1
2
-3
1
-3
-3
-5
0
-4
-10
-6
2
-2
1
2
3
2
-2
-4
1
-1
-3
5
4
-2
-3
0
-4
5
2
2
-4
5
4
-4
5
-7
0
-12
-1
-1
-5
5
-2
-5
1
-8
0
3
-3
4
3
-5
-2
-2
2
-1
-2
3
-3
-4
2
-5
3
3
0
-4
-4
-6
7
-4
-4
4
-4
3
-3
-5
0
1
0
-7
-7
1
-8
2
4
1
5
-2
-5
-1
3
0
-3
4
2
-7
-3
3
-2
-5
3
-4
-6
-1
-2
0
-5
-3
-5
6
0
-5
0
5
-2
-4
0
0
4
-2
2
-7
-4
-2
-10
-1
0
-1
-3
1
3
0
-2
-3
0
3
-4
7
-5
3
0
2
3
3
3
-3
-4
-1
5
-5
-7
-2
-5
3
-2
-4
-6
1
1
-1
0
0
-7
1
-5
-3
0
3
1
0
-3
0
-5
0
-2
-1
-5
-3
-2
-2
-1
-1
0
1
0
-1
0
1
0
-4
2
-2
5
-2
-4
2
-3
-3
5
-5
8
-1
0
8
0
-1
-5
-3
-8
0
-1
-2
-1
-4
-4
1
1
-4
1
4
-4
0
5
0
-1
-1
1
0
-4
3
1
2
-3
0
-2
0
2
7
4
2
-4
-6
3
5
4
-1
-1
-6
0
-6
-10
7
2
1
3
5
-4
3
-1
-1
1
1
-2
2
-2
2
-2
-2
-3
0
9
-4
0
0
9
5
3
3
-4
-6
-3
-4
-4
-5
2
0
4
3
-2
-2
1
-3
-4
2
1
-3
3
1
-2
7
3
2
4
1
-3
4
3
-3
-2
2
-2
-3
-4
1
-5
-2
6
1
-1
3
-6
10
2
0
1
-6
6
8
0
1
1
3
-4
7
-6
-7
1
3
4
2
-2
9
-5
-2
1
-3
-3
2
-9
0
2
-3
-3
3
2
-1
3
-4
4
-1
0
4
-3
-5
-1
0
0
-3
0
-1
2
4
-2
-2
-2
0
4
-3
2
4
-6
3
0
-1
3
-3
1
-6
2
-3
0
-3
-6
3
-1
-5
0
0
1
7
-1
-5
0
3
5
3
1
4
3
3
0
0
0
1
1
1
4
2
1
9
3
1
-4
-1
3
2
3
-6
3
-2
-2
-1
1
3
6
0
7
-66
2
0
-6
-2
-3
-3
-1
-1
0
-5
4
-3
4
1
-8
-6
-3
0
0
0
-5
-1
3
-1
4
0
0
-1
-1
2
-4
2
6
-5
1
-1
1
0
-2
-5
-3
0
-1
2
-5
2
0
2
-4
4
0
-6
0
2
0
2
-5
-5
-1
-3
-9
3
-4
-4
-4
-3
-4
-2
0
5
-1
9
-8
2
-3
4
-2
-2
-2
2
-3
-2
1
2
-3
-1
2
0
0
-6
1
-3
-3
-3
-5
3
-5
-1
3
-2
1
-4
-4
6
-3
4
-1
-6
-7
-3
6
0
3
-5
-7
-1
0
4
-1
6
-2
8
-3
0
-4
-3
2
4
3
1
-5
1
0
2
-5
-3
-1
1
-7
-6
-6
-5
6
0
-4
-7
0
-1
-3
-2
4
0
3
3
-4
1
-6
-2
-6
1
1
1
5
2
-2
-2
-5
8
-3
-2
4
1
4
1
-2
-4
3
-2
0
2
0
9
-4
2
-1
-3
-2
1
-2
-4
5
-4
-1
1
4
-1
5
0
-3
-1
4
-3
5
-2
0
-2
3
2
0
-6
-3
-1
-2
-9
2
-1
-2
2
0
-5
3
5
0
-1
-4
1
1
-6
-4
-8
0
-1
-4
0
-1
-1
4
-4
2
1
2
-3
1
-5
-1
-1
0
-4
-6
3
1
0
0
-1
-2
0
0
0
0
-2
-3
-3
-1
3
0
1
-4
-1
0
-5
0
4
1
-2
2
-4
-1
5
-1
-1
-2
6
0
-1
-3
0
0
0
0
3
1
1
3
4
4
-1
-1
6
-5
2
-3
4
2
-2
0
0
2
-2
-6
6
-2
0
3
-3
1
-3
-1
3
4
2
10
1
2
6
2
-7
9
3
0
2
1
-4
-2
-4
6
0
5
-2
1
2
-1
-1
2
6
-2
8
-1
7
-1
-1
5
-1
1
-1
-5
2
1
4
0
-2
1
0
7
2
7
5
0
-6
3
3
-1
7
-10
4
-5
0
-2
0
-1
2
-4
-1
-4
2
7
1
-1
3
0
8
3
-3
-5
-1
3
2
-8
-5
2
2
0
5
-2
1
1
-2
4
-4
3
-1
0
-3
-2
0
2
1
-3
5
3
2
-2
-4
-5
6
1
0
2
-5
-8
-1
4
-4
1
4
0
0
0
3
6
2
-3
-5
2
-3
2
2
1
-4
-1
-1
0
1
1
2
1
5
0
-3
7
2
0
-4
5
0
-2
2
3
1
-2
-1
8
-1
0
-2
2
1
-3
-1
2
-5
0
-9
1
-2
2
6
0
-3
2
-4
-7
-1
2
4
-8
3
-2
3
3
1
-1
3
4
-8
-2
9
-5
4
2
-1
0
-60
2
-2
-1
0
-2
-10
0
-1
-1
-6
-1
-3
0
0
2
0
0
-2
-3
-2
-3
-4
4
1
-9
-2
-4
-7
-3
-3
-5
0
4
-1
-3
7
0
-3
3
1
-9
2
-2
1
3
2
0
8
-7
-2
-1
4
-4
0
-1
1
-1
-4
-7
-5
4
-3
-9
-12
1
2
-6
-1
4
-3
-2
3
-1
-4
-1
0
3
5
-2
3
-5
-10
-8
-6
0
0
2
4
2
-5
1
-2
-3
-2
-6
-2
2
-2
-3
-4
7
-1
1
-1
2
-3
-5
5
-5
4
-3
-5
-3
3
1
-5
3
0
0
0
