0
0
0
0
0
0
0
0
0
0
0
0
0
0
0
0
0
0
0
0
0
0
0
0
0
0
0
0
0
0
0
0
0
0
0
0
0
0
0
0
0
0
0
0
0
0
0
0
0
0
0
0
0
0
0
0
0
0
0
0
0
0
0
0
0
0
0
0
0
0
0
0
0
0
0
0
0
0
0
0
0
0
0
0
0
0
0
0
0
0
0
0
0
0
0
0
0
0
0
0
0
0
0
0
0
0
0
0
0
0
0
0
0
0
0
0
0
0
0
0
0
0
0
0
0
0
0
0
0
0
0
0
0
0
0
0
0
0
0
0
0
0
0
0
0
0
0
0
0
0
0
0
0
0
0
0
0
0
0
0
0
0
0
0
0
0
0
0
0
0
0
0
0
0
0
0
0
0
0
0
0
0
0
0
0
0
0
0
0
0
0
0
0
0
0
0
0
0
0
0
0
0
0
0
0
0
0
0
0
0
0
0
0
0
0
0
0
0
0
0
0
0
0
0
0
0
0
0
0
0
0
0
0
0
0
0
0
0
0
0
0
0
0
0
0
0
0
0
0
0
0
0
0
0
0
0
0
0
0
0
0
0
0
0
0
0
0
0
0
0
0
0
0
0
0
0
0
0
0
0
0
0
0
0
0
0
0
0
0
0
0
0
0
0
0
0
0
0
0
0
0
0
0
0
0
0
0
0
0
0
0
0
0
0
0
0
0
0
0
0
0
0
0
0
0
0
0
0
0
0
0
0
0
0
0
0
0
0
0
0
0
0
0
0
0
0
0
0
0
0
0
0
0
0
0
0
0
0
0
0
0
0
0
0
0
0
0
0
0
0
0
0
0
0
0
0
0
0
0
0
0
0
0
0
0
0
0
0
0
0
0
0
0
0
0
0
0
0
0
0
0
0
0
0
0
0
0
0
0
0
0
0
0
0
0
0
0
0
0
0
0
0
0
0
0
0
0
0
0
0
0
0
0
0
0
0
0
0
0
0
0
0
0
0
0
0
0
0
0
0
0
0
0
0
0
0
0
0
0
0
0
0
0
0
0
0
0
0
0
0
0
0
0
0
0
0
0
0
0
0
0
0
0
0
0
0
0
0
0
0
0
0
0
0
0
0
0
0
0
0
0
0
0
0
0
0
0
0
0
0
0
0
0
0
0
0
0
0
0
0
0
0
0
0
0
0
0
0
0
0
0
0
0
0
0
0
0
0
0
0
0
0
0
0
0
0
0
0
0
0
0
0
0
0
0
0
0
0
0
0
0
0
0
0
0
0
0
0
0
0
0
0
0
0
0
0
0
0
0
0
0
0
0
0
0
0
0
0
0
0
0
0
0
0
0
0
0
0
0
0
0
0
0
0
0
0
0
0
0
0
0
0
0
0
0
0
0
0
0
0
0
0
0
0
0
0
0
0
0
0
0
0
0
0
0
0
0
0
0
0
0
0
0
0
0
0
0
0
0
0
0
0
0
0
0
0
0
0
0
0
0
0
0
0
0
0
0
0
0
0
0
0
0
0
0
0
0
0
0
0
0
0
0
0
0
0
0
0
0
0
0
0
0
0
0
0
0
0
0
0
0
0
0
0
0
0
0
0
0
0
0
0
0
0
0
0
0
0
0
0
0
0
0
0
0
0
0
0
0
0
0
0
0
0
0
0
0
0
0
0
0
0
0
0
0
0
0
0
0
0
0
0
0
0
0
0
0
0
0
0
0
0
0
0
0
0
0
0
0
0
0
0
0
0
0
0
0
0
0
0
0
0
0
0
0
0
0
0
0
0
0
0
0
0
0
0
0
0
0
0
0
0
0
0
0
0
0
0
0
0
0
0
0
0
0
0
0
0
0
0
0
0
0
0
0
0
0
0
0
0
0
0
0
0
0
0
0
0
0
0
0
0
0
0
0
0
0
0
0
0
0
0
0
0
0
0
0
0
0
0
0
0
0
0
0
0
0
0
0
0
0
0
0
0
0
0
0
0
0
0
0
0
0
0
0
0
0
0
0
0
0
0
0
0
0
0
0
0
0
0
0
0
0
0
0
0
0
0
0
0
0
0
0
0
0
0
0
0
0
0
0
0
0
0
0
0
0
0
0
0
0
0
0
0
0
0
0
0
0
0
0
0
0
0
0
0
0
0
0
0
0
0
0
0
0
0
0
0
0
0
0
0
0
0
0
0
0
0
0
0
0
0
0
0
0
0
0
0
0
0
0
0
0
0
0
0
0
0
0
0
0
0
0
0
0
0
0
0
0
0
0
0
0
0
0
0
0
0
0
0
0
0
0
0
0
0
0
0
0
0
0
0
0
0
0
0
0
0
0
0
0
0
0
0
0
0
0
0
0
0
0
0
0
0
0
0
0
0
0
0
0
0
0
0
0
0
0
0
0
0
0
0
0
0
0
0
0
0
0
0
0
0
0
0
0
0
0
0
0
0
0
0
0
0
0
0
0
0
0
0
0
0
0
0
0
0
0
0
0
0
0
0
0
0
0
0
0
0
0
0
0
0
0
0
0
0
0
0
0
0
0
0
0
0
0
0
0
0
0
0
0
0
0
0
0
0
0
-662
146
29
74
8
153
-170
209
-322
-574
20
165
205
3
-336
-366
225
-361
-6
49
12
15
96
614
-29
-10
181
76
8
42
-347
672
924
-1019
376
-216
202
-85
359
355
-285
34
19
-18
-76
70
-66
515
-81
-301
-111
-60
-38
128
-63
105
266
-549
-318
-175
247
230
145
-1071
862
-496
-498
-33
213
-11
31
-567
-204
157
-200
-378
-182
-95
311
248
-230
201
225
-84
-4
-89
274
-119
322
306
-194
234
-125
45
-843
420
322
-905
295
13
180
86
223
464
-202
64
174
-91
15
-57
353
-94
167
241
-255
-272
-71
37
357
176
-397
-105
-198
-322
71
-94
-113
-1022
1040
-189
1
45
38
-167
29
-124
-84
589
111
49
-145
-33
-6
-9
640
121
-72
3
193
142
179
-508
-166
39
-121
-148
142
-19
411
-788
-439
469
-224
95
-70
-55
-188
136
-334
-152
183
19
92
102
100
330
324
-308
30
-4
137
123
13
-128
355
-14
-139
-37
-336
-160
-126
529
-746
412
76
124
31
239
221
95
-459
182
-122
25
-53
62
55
-236
191
-156
-325
-144
6
53
36
-82
-48
-76
18
-16
47
-27
-20
-75
-8
0
41
-10
-40
-41
-23
37
-3
6
-37
0
-24
29
-17
14
-25
2
-25
12
1
23
-8
-17
-24
4
17
0
-8
-13
-3
-6
-4
-4
-3
-10
-6
-9
22
23
14
-10
-14
7
27
41
16
2
-13
23
24
45
16
19
-2
18
17
58
31
32
-10
6
33
64
62
9
-12
4
56
69
71
19
-9
-18
37
114
134
58
-178
-331
217
-351
-125
68
26
68
-199
201
-516
-395
60
335
119
6
-833
265
378
-1028
522
65
193
-253
-95
103
-422
29
332
238
184
93
-33
468
312
-251
75
-300
-138
-133
152
49
-548
372
302
362
-23
81
41
992
-1296
251
83
-51
-336
-102
-309
334
376
-94
178
171
-25
-15
-61
-8
743
181
-91
150
211
229
99
-558
-291
213
-218
14
27
80
117
-966
400
69
-567
83
46
259
71
524
-116
-35
353
-199
-25
-347
146
-515
-372
175
56
47
63
-156
-221
-442
466
-153
-87
186
194
133
-623
-54
729
-787
602
361
218
-237
-324
6
802
34
297
175
230
234
200
506
-422
-224
64
58
159
107
-85
90
129
-670
89
-233
318
10
470
-863
-196
150
-298
118
7
49
-283
125
-363
-442
132
3
131
-22
-235
-264
107
-576
103
168
228
-135
-234
-550
320
-8
-172
170
121
149
-384
-311
474
-222
207
310
236
217
75
99
621
-266
-225
-78
94
163
55
330
-257
-424
85
-274
-17
-275
154
-211
-142
508
215
76
-76
-109
-41
174
-1313
-16
-84
104
-269
53
97
-107
9
257
-264
96
518
82
170
-7
300
8
-267
1
5
-434
-422
-266
245
826
-469
-98
230
319
-309
76
-970
-385
-310
198
-317
-381
111
-124
-305
291
-836
123
17
-191
-528
-975
117
-102
322
315
-112
-58
380
85
569
-472
-552
641
-4
355
-325
458
384
-376
251
262
-105
-114
-434
72
-350
-130
26
-463
-116
304
-38
-360
-730
90
-296
236
37
281
-428
385
-304
241
-105
-128
43
399
-159
-283
-259
-269
-278
400
-70
-768
-401
-212
341
220
-81
-335
-69
-27
-109
-364
180
-580
425
498
-131
-172
87
97
-13
-348
-440
118
-75
35
-192
-90
264
299
-65
80
270
-487
61
334
-191
416
413
-95
227
-103
686
99
-118
96
134
-20
-227
-530
-107
127
435
178
317
-368
257
-122
610
71
-327
-142
484
16
152
165
-170
-295
167
-202
243
-191
536
421
-362
-242
129
-34
-519
352
94
1
279
336
-396
-223
201
-32
-62
-355
-37
-700
-100
504
92
122
43
39
-206
226
133
34
-30
195
275
-429
-139
316
21
5
18
172
42
-85
92
94
-14
34
-10
2
29
2
19
-3
34
40
-15
44
50
16
48
8
-12
32
-9
28
2
15
32
3
10
28
14
47
18
-9
27
-8
11
-3
4
16
5
10
8
8
11
10
8
12
15
15
31
11
9
19
0
12
28
52
10
-5
12
10
11
49
19
-2
14
-2
1
10
61
24
-16
11
23
-8
74
21
-4
16
-15
-41
-15
46
-3
-47
-72
43
-97
259
6
575
183
-246
-20
143
138
640
-156
481
-363
58
-438
-255
86
439
-437
-134
274
322
-439
582
365
-142
-374
-100
-560
324
-426
421
-344
-308
518
-588
28
-334
436
382
467
-115
200
-43
-126
549
647
-154
-27
283
-309
385
85
-183
250
-84
290
-242
-165
-368
113
-474
-411
91
-117
-27
435
-684
-430
98
-409
26
513
-440
-673
-21
741
-102
430
-74
177
-61
-8
-304
1736
317
341
406
426
-139
219
384
817
148
-211
-283
-457
-43
18
3
1524
-82
272
24
517
-78
345
713
97
478
-383
-222
-187
362
-132
469
-145
586
-308
-588
-50
707
-220
-695
681
542
321
299
-114
-69
1186
214
335
38
-923
-142
-146
75
-57
140
-1272
-373
-231
-782
-200
397
-65
-20
-736
-406
194
-86
25
59
-98
-388
-177
-122
154
-149
989
207
-1
-212
253
-101
114
2
426
-265
4
262
252
-672
696
-164
-319
-124
251
671
-848
242
-361
-450
16
-72
224
708
-78
764
-161
-130
36
149
494
-703
-200
538
-170
223
-386
-49
355
246
-49
-689
-368
-124
123
184
6
182
-977
-413
32
144
-197
130
283
413
-120
-643
-189
-125
356
96
20
-84
-90
-133
-398
-160
-134
-220
-217
-246
341
-322
304
-455
197
228
-142
-355
112
-81
286
7
-184
-87
-761
117
291
443
-67
171
406
-156
130
-115
-415
-111
447
-460
429
42
-61
381
273
-525
140
-142
334
-667
-298
-126
-115
5
-55
97
225
-83
440
791
-296
-267
-32
-256
153
236
25
-48
-169
198
-25
-272
209
641
-56
-618
700
515
242
179
150
95
167
-364
185
-565
-161
451
-236
-472
460
-221
156
-150
-70
-208
180
59
38
-590
615
-157
-6
202
179
631
120
355
-230
-80
-218
497
63
-711
-167
-409
257
-160
-433
-383
-247
9
-274
-516
45
235
37
354
-323
385
-186
-326
50
346
421
39
-134
-345
162
599
-375
-155
-132
-137
355
155
245
-298
-163
742
35
184
-169
-32
130
619
60
-225
41
2
-247
-382
-215
-169
-9
270
338
-718
179
15
-144
-503
96
35
248
49
520
-4
103
-67
-53
-472
-107
15
137
-349
281
-339
350
115
-255
-142
127
133
-246
509
240
-19
95
-136
-274
-6
-57
-43
-186
17
57
27
-1
27
91
-61
-55
-94
16
-16
-7
43
38
64
-35
-4
11
20
-22
-42
10
2
-14
-16
52
36
9
-10
-2
6
-38
-4
-3
27
12
6
9
9
11
9
4
14
3
0
37
5
-12
23
15
13
-38
106
52
-48
14
1
26
-104
58
94
-3
34
27
20
-16
17
43
4
40
111
-120
23
126
39
42
19
317
-139
-155
119
61
117
32
562
322
101
235
91
39
-438
-41
-228
-191
-307
9
45
-472
-348
-282
-335
162
94
-327
-83
-973
-221
-329
-145
-34
131
-838
-69
158
416
201
-446
303
-28
-575
-504
201
-626
-507
-287
2
-426
-744
907
-84
147
-164
377
115
-108
-785
-139
479
467
60
708
438
415
-814
284
230
-352
58
-345
276
346
135
-245
-364
24
-227
45
40
281
722
-674
-224
569
-75
17
529
457
291
-574
-241
-125
-285
-181
-452
-586
537
-85
-73
-66
303
-37
34
458
-228
860
-557
-867
-408
269
162
-843
91
-661
230
69
403
415
-25
740
41
594
-241
440
601
470
500
-251
568
-277
-65
-284
-363
6
867
-209
121
224
40
-198
375
53
8
73
160
-235
8
121
494
394
139
117
345
508
281
-135
-607
-429
-119
475
176
-285
-63
162
413
655
-468
-25
-334
-95
149
-258
-386
442
-209
-141
42
425
-189
317
-325
-155
-487
-113
55
190
-918
-464
-701
-249
-814
-12
215
388
-229
-178
-100
204
-408
66
-126
656
-642
-264
157
440
660
-342
502
-364
219
639
162
130
185
113
-15
-202
72
-63
-21
-240
1
-15
182
-44
5
-228
131
138
767
-319
84
434
-490
-321
-375
-218
339
-456
-90
388
518
267
-300
402
-439
180
185
-387
97
-352
38
205
-208
-740
613
-240
236
-655
200
-259
184
-504
278
492
179
-246
-328
-733
106
282
-444
-146
-235
257
-4
-176
-348
-449
264
149
-435
-316
337
-394
-106
589
309
-168
-288
161
456
284
-148
-623
372
-425
-47
20
-295
-125
65
-315
-3
426
602
-216
-151
328
-73
388
117
-646
-56
-922
-91
-105
67
-332
819
147
-260
-249
-238
415
512
334
-63
-293
398
-246
267
-560
78
93
-722
-202
-1
581
119
19
424
-170
-735
-275
112
172
-116
275
94
543
-268
-315
-100
-6
133
-106
623
-160
-852
-279
33
149
157
-53
-439
276
458
-169
-212
142
5
404
487
-145
250
165
-100
-357
-228
301
-41
-94
-698
99
304
-125
405
-151
147
-137
18
128
-343
139
-216
109
11
412
226
123
-240
-116
-215
-64
-257
-36
-428
-725
-157
-47
233
-296
157
300
-412
-7
-161
234
-32
146
142
-46
-329
-299
-169
121
254
113
-10
28
60
138
148
4
-24
49
46
59
35
-57
-7
36
8
-18
-18
-67
3
1
-38
-47
-26
-56
-10
-39
-60
-48
-12
-39
-11
-46
-34
-19
-2
-38
-12
-20
-3
-7
-11
-16
-17
-16
-12
-27
-21
-16
-59
-13
12
-42
-19
4
-39
16
19
-47
-12
16
-32
31
13
-66
-35
2
-52
2
-18
-91
-46
12
-55
-8
-41
-95
-3
68
-58
-17
-2
-78
69
88
-112
-57
16
-229
112
-604
-540
622
-57
124
62
193
-942
876
160
-140
-259
-219
-290
556
74
-65
-6
-55
-79
-1102
-47
-204
376
283
-197
592
-188
-263
-224
10
576
39
-100
375
-685
-328
-363
739
-359
-433
343
-254
66
-298
79
494
-191
-332
-441
-536
-272
-36
-109
93
-347
-574
445
467
394
-317
178
67
-60
544
-567
293
-308
-502
9
62
-260
-97
-38
-214
101
137
-209
105
332
-380
-29
-471
108
184
-98
-123
498
-879
-284
159
110
44
-157
444
439
528
-118
-99
-405
-95
-287
-369
-273
-36
-996
-619
196
340
229
2
-101
781
-104
117
-322
-9
-206
-299
343
-134
64
265
284
279
135
449
41
-259
-284
-306
-291
321
300
61
851
10
-74
-405
-348
146
-191
302
-427
-34
-698
957
135
149
-67
502
-221
504
-824
445
479
-240
-116
522
-284
336
-69
-449
421
-217
180
465
-94
-132
84
132
-386
-524
488
21
450
-525
-451
365
-167
-110
90
706
-220
-219
267
411
-142
37
-76
68
38
123
-482
-54
660
-9
-261
346
112
165
-552
-214
-184
-598
-31
-77
-45
-266
107
218
144
31
-11
19
53
33
9
-1
18
30
14
-2
4
21
17
12
1
9
8
13
1
-5
9
8
7
-4
9
3
15
0
2
11
11
-2
3
1
7
10
-1
-7
3
10
9
0
-1
9
10
3
-2
-2
-1
0
14
-6
4
8
4
0
-2
2
8
6
-5
9
5
5
-3
4
2
5
4
-5
6
6
0
-5
0
3
7
7
2
-2
3
7
-1
2
10
1
8
1
-2
-1
2
1
-9
6
6
5
1
-6
6
1
0
1
1
-5
2
4
-4
0
-6
7
1
-2
5
0
-2
-4
4
5
5
4
-7
1
4
0
-7
-5
3
-2
-3
-3
4
7
3
5
-2
5
10
3
-1
-3
2
4
3
-2
-2
3
3
-2
10
-4
4
7
4
8
4
-1
3
-3
-4
3
3
1
-5
-5
-2
0
1
3
0
-6
2
6
3
7
1
4
-5
-4
-4
-2
5
8
-3
-9
-1
2
3
-7
-4
3
-1
-3
2
-7
-2
4
0
0
-1
-3
-2
3
-3
0
2
-1
1
2
-5
-2
-6
3
1
-2
6
0
-4
3
2
4
5
-8
-4
-4
4
4
-1
-3
0
-1
-3
1
1
2
3
-3
1
1
5
0
-3
-3
1
-2
5
0
2
4
0
0
0
1
1
2
2
3
1
1
-1
-3
3
-3
2
0
-2
-4
6
3
7
4
1
-1
6
1
1
1
5
2
5
0
3
5
1
4
4
1
7
-2
-1
-1
-1
2
1
3
1
4
1
-4
-3
5
4
-5
2
0
1
2
-2
4
4
0
8
-4
-2
2
2
4
3
-3
-3
3
-1
-4
0
3
0
1
0
0
-2
-1
6
7
5
3
2
4
1
1
-3
2
0
9
2
-3
2
5
2
-1
-5
-2
0
1
3
6
6
9
8
1
1
-1
-8
0
-2
0
-4
1
7
4
3
2
0
-6
4
1
-5
-2
1
1
12
4
-1
1
-7
8
1
-5
-2
3
1
-1
0
-1
12
3
-5
1
0
2
-9
-6
0
1
-5
-6
0
-4
2
9
-4
0
2
-1
-1
-3
2
9
-3
-1
-5
9
6
-2
-7
1
0
6
2
-4
3
-3
-3
2
-7
-2
6
-4
-1
-4
-3
-1
-5
-4
-5
-3
0
-5
-11
5
6
-3
0
-4
0
-2
-3
7
-2
3
-5
-4
0
5
-1
0
-7
2
4
-3
-3
0
8
0
2
-5
-2
2
-7
-10
-4
-6
-6
-6
-5
-1
0
-5
-17
-13
-3
8
-3
-17
-13
-3
-3
-8
-29
-13
9
-8
-35
-46
-12
12
-44
-118
-106
17
-64
-11
-2
-10
-2
-1
-1
-4
-9
-5
-4
-9
-8
-2
0
-7
1
4
1
0
-3
10
4
0
-3
-2
-6
4
3
-7
0
-1
1
-4
-3
-4
7
-2
2
0
-5
-7
-3
-4
-3
-1
-1
9
0
1
0
-2
2
0
-3
-2
-5
-3
2
-5
1
-2
-8
-2
2
0
-6
1
2
-6
-3
-5
4
3
-2
5
4
1
-2
-4
0
-6
-3
3
-2
-2
-3
-1
4
1
-1
-4
0
1
3
-3
4
-1
2
-2
1
0
-6
6
2
-4
0
-4
3
-5
0
-6
0
-2
8
-2
3
-8
-7
1
-3
0
4
5
5
-1
1
1
7
6
-3
-3
-8
-1
0
-2
3
-4
-4
-1
-1
-8
3
2
-4
2
-3
4
7
1
2
2
1
3
-3
0
-1
3
-7
-7
3
-2
-7
2
1
-3
-7
-2
-4
-5
5
6
7
-1
-4
3
-7
1
-5
0
2
-1
-1
-5
3
-6
-2
-5
-10
5
-1
5
-2
2
4
-4
-1
-2
-1
0
4
-1
2
-3
1
-1
-3
4
-1
1
-2
-4
-3
2
-2
-5
-7
1
-3
0
-5
2
-6
0
4
4
1
-5
-6
-2
1
-7
0
0
-6
-1
-6
-3
-3
2
5
5
-5
1
-1
-2
1
-2
-1
2
-1
-2
1
-1
-2
-1
0
1
0
0
2
-1
1
0
-3
-3
0
-3
0
2
4
-3
1
2
3
2
1
-2
-2
0
5
0
-2
-2
1
3
-4
5
1
2
1
-4
1
2
-2
-2
-1
1
-7
0
-1
1
-1
-3
-2
1
4
-2
-2
4
5
2
1
3
-4
-5
-3
-2
2
2
2
0
2
3
4
2
-5
-3
-2
-1
2
3
6
5
0
-4
-4
0
-1
3
-4
0
3
-1
8
1
3
-4
4
1
-1
-3
0
-5
-4
-4
-3
-2
-2
-4
2
-4
12
0
-1
1
2
0
0
-4
4
-6
1
4
-7
1
-1
4
2
5
1
-3
-1
-1
1
2
-3
-11
2
-7
-2
2
-1
-6
0
3
-5
-6
7
4
0
2
1
2
-3
1
-4
2
1
-3
3
2
-1
-5
-3
-1
1
0
-3
-2
1
1
-1
-2
2
-3
-1
-2
-5
3
-2
-1
-5
3
3
2
-2
5
3
3
-5
-2
0
3
-4
1
-1
1
-4
4
4
-4
-1
-2
3
2
-4
1
-4
-3
5
7
-5
-2
-1
5
-4
0
-1
4
-2
-5
-3
-1
-1
-4
-1
4
0
-2
0
0
3
-1
0
2
1
-3
2
6
0
1
2
-3
-7
-2
7
-3
-3
1
1
0
1
0
-3
4
-3
6
-3
1
-2
7
-62
6
-3
-1
3
-5
-5
-3
-4
-4
3
-10
0
-10
5
-5
-1
-6
-2
5
-2
-2
1
6
1
4
-3
5
0
-10
3
0
-1
3
6
-2
-2
2
-2
-8
-6
-5
1
1
-3
-1
-6
-6
3
-6
5
-4
-4
-4
-1
5
1
-5
0
-2
1
-4
-8
1
2
3
0
-3
0
-3
-1
-1
1
-5
-5
-4
1
-4
3
-1
1
3
2
-1
-6
-2
0
5
7
0
0
-2
0
1
3
0
-2
-1
0
-3
1
-3
-3
-4
5
1
-1
4
6
-4
4
1
-2
-1
-3
-1
2
0
0
4
-5
-1
0
2
0
2
-3
1
-5
-3
0
5
-5
0
3
-8
2
5
2
-3
-1
-3
-3
0
-3
-10
-2
2
-9
1
-1
-7
-3
-5
-2
-5
-1
2
4
-2
6
-1
-3
5
9
-7
-3
3
1
-6
-1
4
-3
0
2
-2
-1
-2
0
0
4
-7
-2
-3
-3
1
0
-2
-11
-8
-1
4
-4
-3
-5
-3
-3
-7
-2
0
-9
-2
-2
1
4
-1
5
1
-5
-4
-4
2
3
-1
-5
3
5
3
0
0
-6
4
-3
1
-2
1
-3
-1
-1
-1
2
5
-3
5
4
-3
-2
-8
2
-2
7
-2
1
1
-5
-3
0
0
0
1
-1
-2
-1
0
0
-1
0
0
1
1
1
3
-1
1
-2
0
-1
-2
-4
2
1
1
-5
-2
0
-5
0
-2
-1
2
-1
4
1
3
-2
-2
1
2
-1
3
-2
-2
-2
0
-4
-4
2
-5
-5
-1
-1
5
-8
6
-5
2
-1
4
-2
4
-1
-1
5
1
2
0
-1
4
6
3
-4
-1
2
3
-4
-3
-1
9
5
7
11
-10
-1
8
-1
-3
-7
3
2
-3
-8
4
0
-1
1
-2
8
2
6
3
-1
6
0
-5
2
-3
3
-3
-1
-2
-1
1
1
2
0
-2
-6
-3
-4
-5
3
-5
0
2
-2
2
-7
-7
2
-4
6
-6
-9
-1
3
-5
-4
-1
-3
-2
-1
-6
-6
1
2
3
1
1
7
6
-3
-2
6
-2
-1
-3
-3
-1
-1
3
0
1
3
-2
4
2
-2
-1
-5
3
1
5
3
1
-9
-4
11
0
5
-8
6
6
1
-2
2
-6
0
3
-2
-3
-3
-3
0
4
-5
-8
-3
-2
-2
5
-5
3
1
-1
2
-2
1
-4
-6
3
2
-1
1
-5
1
2
2
0
-3
-1
-1
1
5
3
2
0
6
2
5
-5
4
-1
3
5
1
5
2
-1
-11
5
-4
-3
-2
2
-4
-4
5
2
-7
-5
-3
-1
4
-2
6
3
-3
2
-1
4
-8
5
-56
-4
-7
-1
-3
2
0
-5
-2
-4
-4
-3
-1
0
-2
-10
-2
5
2
-3
-5
0
-3
-1
3
-6
-6
-4
6
-10
1
-5
-3
-5
1
-1
-2
-2
5
-5
2
-4
-1
-2
1
-4
-2
4
5
2
-3
-1
4
-1
-9
1
-5
4
0
-2
-3
-4
7
-2
9
-1
2
-1
-6
-3
3
-11
6
7
5
3
7
3
-4
0
-3
-2
-2
-4
-7
-7
-1
0
-3
2
9
-7
-5
6
2
1
-2
-1
6
-1
-10
-4
2
-1
-2
-1
-2
-5
-9
-6
-6
-3
-1
-6
2
5
-1
-9
-3
1
-2
